replicate,gen,pop-id,pop-size,hetero,mean-phenotype,optimal-phenotype
1,1,p1,500,0,0,30
1,2,p1,168,6.52813e-07,0.00961649,30
1,3,p1,103,7.72929e-07,0.0217292,30
1,4,p1,111,1.33309e-06,-0.0361205,30
1,5,p1,137,1.08557e-06,-0.037617,30
1,6,p1,134,1.24833e-06,0.0306665,30
1,7,p1,145,2.02331e-06,0.0324568,30
1,8,p1,114,1.81479e-06,-0.0117658,30
1,9,p1,151,1.64927e-06,-0.00537813,30
1,10,p1,133,2.29832e-06,0.0576558,30
1,11,p1,158,1.67701e-06,-0.0175463,30
1,12,p1,67,2.15972e-06,-0.0782992,30
1,13,p1,99,2.638e-06,-0.0815127,30
1,14,p1,155,3.15005e-06,-0.0197845,30
1,15,p1,103,2.66943e-06,-0.0156273,30
1,16,p1,133,2.77008e-06,0.0156554,30
1,17,p1,155,5.09032e-06,0.141911,30
1,18,p1,111,6.22393e-06,0.101237,30
1,19,p1,162,4.92836e-06,0.0717512,30
1,20,p1,141,5.71274e-06,0.038107,30
1,21,p1,119,7.39708e-06,-0.198913,30
1,22,p1,131,6.18466e-06,-0.096719,30
1,23,p1,107,6.76085e-06,0.00170882,30
1,24,p1,144,4.9402e-06,-0.11055,30
1,25,p1,123,4.66026e-06,-0.0279195,30
1,26,p1,123,7.32335e-06,-0.194897,30
1,27,p1,134,6.86066e-06,-0.177407,30
1,28,p1,125,6.77056e-06,-0.0148302,30
1,29,p1,165,8.56033e-06,-0.0117376,30
1,30,p1,164,7.60857e-06,-0.0799812,30
1,31,p1,115,7.20907e-06,-0.0344116,30
1,32,p1,114,7.53193e-06,-0.074222,30
1,33,p1,127,7.81605e-06,0.362341,30
1,34,p1,150,7.30489e-06,0.00148842,30
1,35,p1,116,8.16216e-06,-0.0245042,30
1,36,p1,136,7.63084e-06,0.218273,30
1,37,p1,132,7.75023e-06,0.254641,30
1,38,p1,134,7.69102e-06,0.17309,30
1,39,p1,101,9.97598e-06,0.34518,30
1,40,p1,94,9.96888e-06,0.0518839,30
1,41,p1,151,1.03919e-05,-0.0655247,30
1,42,p1,166,1.25227e-05,-0.208961,30
1,43,p1,110,1.15e-05,-0.221724,30
1,44,p1,127,1.15519e-05,0.0676451,30
1,45,p1,108,1.07403e-05,-0.0970611,30
1,46,p1,163,1.19478e-05,-0.149273,30
1,47,p1,120,1.12979e-05,0.0785642,30
1,48,p1,120,1.26944e-05,-0.280638,30
1,49,p1,114,1.29675e-05,-0.037014,30
1,50,p1,155,1.41388e-05,-0.0604409,30
1,51,p1,170,1.53972e-05,0.155962,30
1,52,p1,79,1.48574e-05,-0.199043,30
1,53,p1,102,1.43651e-05,-0.290877,30
1,54,p1,179,1.64873e-05,0.108222,30
1,55,p1,134,1.56967e-05,-0.110686,30
1,56,p1,135,1.55248e-05,-0.273492,30
1,57,p1,139,1.52078e-05,-0.148183,30
1,58,p1,106,1.55046e-05,-0.2796,30
1,59,p1,138,1.6977e-05,-0.219062,30
1,60,p1,125,1.3729e-05,-0.6769,30
1,61,p1,123,1.54981e-05,-0.207549,30
1,62,p1,159,1.56722e-05,0.0238317,30
1,63,p1,130,1.48757e-05,-0.219613,30
1,64,p1,99,1.70748e-05,-0.639905,30
1,65,p1,178,1.85532e-05,-0.251111,30
1,66,p1,149,1.73262e-05,-0.405662,30
1,67,p1,118,1.96926e-05,-0.449985,30
1,68,p1,80,1.97977e-05,-0.405108,30
1,69,p1,97,1.93421e-05,-0.158659,30
1,70,p1,190,1.95259e-05,-0.237704,30
1,71,p1,157,2.03313e-05,-0.592205,30
1,72,p1,106,2.20176e-05,-0.0681975,30
1,73,p1,186,2.12837e-05,-0.192225,30
1,74,p1,110,2.05393e-05,-0.459469,30
1,75,p1,128,2.08923e-05,-0.121226,30
1,76,p1,190,1.87133e-05,-0.19556,30
1,77,p1,139,1.88386e-05,-0.0262959,30
1,78,p1,97,1.95031e-05,-0.0923077,30
1,79,p1,193,2.12618e-05,-0.384543,30
1,80,p1,114,2.17436e-05,0.0718219,30
1,81,p1,126,2.35513e-05,0.0587203,30
1,82,p1,130,2.29459e-05,0.350737,30
1,83,p1,161,2.03515e-05,0.469548,30
1,84,p1,147,2.22377e-05,0.325797,30
1,85,p1,84,1.73342e-05,0.434653,30
1,86,p1,140,1.80796e-05,0.643901,30
1,87,p1,170,1.65239e-05,0.635731,30
1,88,p1,91,1.96003e-05,0.590501,30
1,89,p1,155,2.08799e-05,0.698715,30
1,90,p1,149,1.79798e-05,0.880849,30
1,91,p1,124,1.62923e-05,0.844917,30
1,92,p1,160,1.9592e-05,0.962113,30
1,93,p1,112,1.96939e-05,1.11998,30
1,94,p1,105,2.0815e-05,1.28587,30
1,95,p1,161,1.60449e-05,0.835457,30
1,96,p1,117,1.89415e-05,1.24452,30
1,97,p1,113,1.68471e-05,1.09621,30
1,98,p1,129,1.52175e-05,0.852743,30
1,99,p1,141,1.58772e-05,0.654711,30
1,100,p1,146,1.47964e-05,0.638244,30
1,101,p1,132,1.52201e-05,0.53874,30
1,102,p1,67,1.58866e-05,0.181954,30
1,103,p1,104,1.53333e-05,0.383765,30
1,104,p1,183,1.55184e-05,0.336296,30
1,105,p1,140,1.64319e-05,0.342095,30
1,106,p1,101,1.90472e-05,0.39966,30
1,107,p1,112,1.75407e-05,0.11888,30
1,108,p1,168,1.88839e-05,0.226795,30
1,109,p1,126,2.06778e-05,0.696589,30
1,110,p1,129,2.2078e-05,0.441014,30
1,111,p1,91,2.45212e-05,0.373464,30
1,112,p1,145,2.34652e-05,0.385784,30
1,113,p1,164,2.59076e-05,0.179307,30
1,114,p1,143,2.70258e-05,-0.131149,30
1,115,p1,135,2.59775e-05,0.490124,30
1,116,p1,136,2.50719e-05,0.482393,30
1,117,p1,154,2.59848e-05,0.724431,30
1,118,p1,109,2.68256e-05,0.147439,30
1,119,p1,144,2.34763e-05,0.0207562,30
1,120,p1,106,2.65931e-05,0.171686,30
1,121,p1,130,2.44707e-05,-0.315249,30
1,122,p1,145,2.62678e-05,-0.903724,30
1,123,p1,139,2.45254e-05,-0.59302,30
1,124,p1,97,2.43926e-05,-0.108669,30
1,125,p1,152,2.76567e-05,-0.421383,30
1,126,p1,190,2.70795e-05,-0.632443,30
1,127,p1,136,2.49749e-05,0.172592,30
1,128,p1,126,2.69347e-05,0.0654665,30
1,129,p1,183,2.75352e-05,-0.239089,30
1,130,p1,174,2.8658e-05,-0.480121,30
1,131,p1,105,2.79043e-05,-0.348592,30
1,132,p1,123,3.1318e-05,-0.37463,30
1,133,p1,170,2.91938e-05,-1.1306,30
1,134,p1,149,3.06651e-05,-0.530976,30
1,135,p1,154,2.99254e-05,-0.564213,30
1,136,p1,106,3.46338e-05,-0.637655,30
1,137,p1,172,3.43622e-05,-0.665706,30
1,138,p1,173,3.46655e-05,-1.1934,30
1,139,p1,93,3.0011e-05,-1.15433,30
1,140,p1,130,3.08278e-05,-1.07384,30
1,141,p1,184,3.33973e-05,-1.03202,30
1,142,p1,136,3.82339e-05,-1.6008,30
1,143,p1,126,3.60406e-05,-2.5499,30
1,144,p1,131,3.29995e-05,-2.78382,30
1,145,p1,150,3.61276e-05,-1.84817,30
1,146,p1,185,4.09509e-05,-2.5789,30
1,147,p1,142,4.10206e-05,-3.38676,30
1,148,p1,133,4.04568e-05,-2.21784,30
1,149,p1,136,4.08067e-05,-2.99235,30
1,150,p1,149,4.36176e-05,-2.80554,30
1,151,p1,102,4.3033e-05,-3.39327,30
1,152,p1,126,4.26694e-05,-2.67344,30
1,153,p1,168,4.55685e-05,-3.59063,30
1,154,p1,137,3.99704e-05,-3.11563,30
1,155,p1,123,4.08543e-05,-2.6676,30
1,156,p1,161,4.37693e-05,-2.25728,30
1,157,p1,120,4.28753e-05,-2.66968,30
1,158,p1,122,4.23938e-05,-2.7123,30
1,159,p1,193,4.458e-05,-3.51736,30
1,160,p1,181,4.425e-05,-2.73167,30
1,161,p1,108,4.45928e-05,-2.95417,30
1,162,p1,150,4.34656e-05,-2.38512,30
1,163,p1,121,4.31832e-05,-2.47036,30
1,164,p1,147,4.17183e-05,-1.93896,30
1,165,p1,111,4.25379e-05,-1.38185,30
1,166,p1,154,4.02096e-05,-1.03226,30
1,167,p1,135,4.22277e-05,-1.49499,30
1,168,p1,164,4.06923e-05,-1.3453,30
1,169,p1,110,4.29446e-05,-0.646835,30
1,170,p1,142,3.96709e-05,-0.567482,30
1,171,p1,159,3.63963e-05,-0.318058,30
1,172,p1,109,3.53994e-05,-0.256766,30
1,173,p1,127,3.81366e-05,-0.137718,30
1,174,p1,147,3.98903e-05,-0.819646,30
1,175,p1,126,3.9788e-05,-0.679876,30
1,176,p1,163,3.69946e-05,-0.46766,30
1,177,p1,128,3.90845e-05,0.18444,30
1,178,p1,122,4.06779e-05,-0.481375,30
1,179,p1,150,4.0252e-05,-0.696407,30
1,180,p1,158,3.70291e-05,-0.829336,30
1,181,p1,118,3.99533e-05,-1.1772,30
1,182,p1,110,3.87438e-05,-1.41774,30
1,183,p1,181,3.99344e-05,-1.00748,30
1,184,p1,169,3.93621e-05,-1.13686,30
1,185,p1,136,3.52122e-05,-1.1379,30
1,186,p1,95,3.89684e-05,-1.5594,30
1,187,p1,166,4.06247e-05,-1.27647,30
1,188,p1,131,3.71855e-05,-1.22903,30
1,189,p1,162,3.7343e-05,-1.50563,30
1,190,p1,140,3.72434e-05,-1.08708,30
1,191,p1,144,3.33348e-05,-0.998376,30
1,192,p1,139,3.66345e-05,-1.27768,30
1,193,p1,148,3.92654e-05,-1.28583,30
1,194,p1,94,3.6697e-05,-1.43813,30
1,195,p1,98,3.51348e-05,-1.13114,30
1,196,p1,154,3.80912e-05,-1.66857,30
1,197,p1,145,3.91826e-05,-1.7815,30
1,198,p1,119,3.98058e-05,-1.229,30
1,199,p1,130,3.6834e-05,-1.05762,30
1,200,p1,152,3.56789e-05,-1.00326,30
1,201,p1,118,3.57749e-05,-1.30974,30
1,202,p1,119,3.71647e-05,-1.06928,30
1,203,p1,138,3.48044e-05,-0.640342,30
1,204,p1,148,3.6266e-05,-0.751131,30
1,205,p1,174,3.93875e-05,-0.863474,30
1,206,p1,98,3.40072e-05,-0.349827,30
1,207,p1,121,3.62861e-05,-0.480362,30
1,208,p1,146,3.95977e-05,-0.829668,30
1,209,p1,141,3.87755e-05,-0.871105,30
1,210,p1,137,3.89387e-05,-0.570754,30
1,211,p1,148,3.81129e-05,-0.398121,30
1,212,p1,138,3.73181e-05,-0.653803,30
1,213,p1,135,3.6237e-05,-0.69152,30
1,214,p1,102,3.078e-05,-0.471112,30
1,215,p1,148,3.68072e-05,-0.638278,30
1,216,p1,218,3.33808e-05,-0.57279,30
1,217,p1,142,3.80334e-05,-1.12153,30
1,218,p1,112,3.58076e-05,-0.631637,30
1,219,p1,160,3.39076e-05,-0.425086,30
1,220,p1,120,3.7084e-05,-0.50749,30
1,221,p1,118,3.36254e-05,-0.163873,30
1,222,p1,183,3.68231e-05,-0.105419,30
1,223,p1,121,3.27088e-05,-0.0316524,30
1,224,p1,143,3.54149e-05,-0.178662,30
1,225,p1,149,3.59198e-05,-0.0855148,30
1,226,p1,139,3.5655e-05,-0.0924487,30
1,227,p1,128,3.6192e-05,-0.190963,30
1,228,p1,136,3.53979e-05,-0.0897005,30
1,229,p1,155,3.7001e-05,-0.196677,30
1,230,p1,103,3.84023e-05,-0.168416,30
1,231,p1,155,4.11983e-05,-0.374946,30
1,232,p1,149,4.29945e-05,-0.401595,30
1,233,p1,94,4.4287e-05,-0.37445,30
1,234,p1,142,4.4423e-05,-0.348952,30
1,235,p1,141,4.42603e-05,-0.469237,30
1,236,p1,166,4.72231e-05,-0.440477,30
1,237,p1,115,4.0386e-05,-0.180692,30
1,238,p1,128,4.1189e-05,-0.298383,30
1,239,p1,187,4.56607e-05,-0.288157,30
1,240,p1,115,4.54578e-05,-0.393279,30
1,241,p1,128,4.20233e-05,-0.200361,30
1,242,p1,126,4.50321e-05,-0.27627,30
1,243,p1,154,4.05671e-05,-0.25983,30
1,244,p1,142,4.12091e-05,-0.270647,30
1,245,p1,103,4.54303e-05,-0.262083,30
1,246,p1,156,3.93189e-05,0.00433918,30
1,247,p1,148,4.13673e-05,-0.0225557,30
1,248,p1,122,4.1726e-05,-0.214621,30
1,249,p1,141,4.30615e-05,-0.229604,30
1,250,p1,139,4.34569e-05,-0.229906,30
1,251,p1,197,3.60803e-05,-0.0568815,30
1,252,p1,134,3.78695e-05,-0.101263,30
1,253,p1,113,3.86408e-05,-0.0392884,30
1,254,p1,134,3.8268e-05,0.0119724,30
1,255,p1,136,3.85556e-05,-0.00520307,30
1,256,p1,130,4.07249e-05,-0.124597,30
1,257,p1,153,3.96213e-05,-0.0455032,30
1,258,p1,126,4.47336e-05,-0.226478,30
1,259,p1,107,4.41274e-05,-0.11417,30
1,260,p1,147,4.3225e-05,-0.0430991,30
1,261,p1,141,4.65278e-05,-0.198748,30
1,262,p1,139,4.77931e-05,-0.0284319,30
1,263,p1,116,4.57558e-05,0.182692,30
1,264,p1,116,4.34427e-05,0.0148391,30
1,265,p1,158,4.65588e-05,0.167394,30
1,266,p1,129,4.9662e-05,0.30067,30
1,267,p1,155,4.60412e-05,0.403459,30
1,268,p1,125,4.99782e-05,0.282008,30
1,269,p1,159,5.25197e-05,0.291183,30
1,270,p1,139,5.2659e-05,0.0284466,30
1,271,p1,111,5.38081e-05,0.12795,30
1,272,p1,141,5.12016e-05,0.401124,30
1,273,p1,151,5.13467e-05,0.357019,30
1,274,p1,168,5.20077e-05,0.340444,30
1,275,p1,116,5.1509e-05,0.0905201,30
1,276,p1,126,5.28738e-05,0.435353,30
1,277,p1,144,5.54647e-05,0.122548,30
1,278,p1,116,5.33071e-05,0.0392013,30
1,279,p1,180,5.57437e-05,0.248738,30
1,280,p1,148,5.24534e-05,0.427294,30
1,281,p1,108,5.13049e-05,0.760359,30
1,282,p1,134,5.44762e-05,0.27861,30
1,283,p1,177,5.55919e-05,0.269012,30
1,284,p1,192,5.85194e-05,0.30521,30
1,285,p1,118,5.54636e-05,0.31663,30
1,286,p1,100,5.5669e-05,0.204083,30
1,287,p1,136,5.54704e-05,0.025663,30
1,288,p1,214,5.80313e-05,-0.0191187,30
1,289,p1,132,5.789e-05,0.143621,30
1,290,p1,129,5.81606e-05,0.0323585,30
1,291,p1,150,5.74064e-05,0.271359,30
1,292,p1,162,5.66991e-05,0.278961,30
1,293,p1,144,5.77884e-05,0.0636151,30
1,294,p1,106,5.79966e-05,-0.173484,30
1,295,p1,151,5.78898e-05,-0.154973,30
1,296,p1,119,5.89729e-05,0.0788246,30
1,297,p1,160,5.91557e-05,-0.174982,30
1,298,p1,146,6.32595e-05,-0.460382,30
1,299,p1,75,6.74738e-05,-0.439436,30
1,300,p1,97,6.35381e-05,-0.317652,30
1,301,p1,148,6.32095e-05,-0.378354,30
1,302,p1,146,6.46277e-05,-0.299871,30
1,303,p1,142,6.5117e-05,-0.589177,30
1,304,p1,154,6.35379e-05,-0.552273,30
1,305,p1,101,6.35575e-05,-1.01312,30
1,306,p1,101,6.44344e-05,-0.939681,30
1,307,p1,186,6.34669e-05,-0.863821,30
1,308,p1,151,6.52318e-05,-0.610252,30
1,309,p1,123,6.66934e-05,-0.7235,30
1,310,p1,149,6.48743e-05,-0.719893,30
1,311,p1,129,6.45433e-05,-0.74479,30
1,312,p1,129,6.31188e-05,-0.391359,30
1,313,p1,146,6.17229e-05,-0.132402,30
1,314,p1,155,6.11471e-05,-0.0481963,30
1,315,p1,130,6.27728e-05,0.14182,30
1,316,p1,109,6.16017e-05,-0.320135,30
1,317,p1,168,6.12562e-05,0.105187,30
1,318,p1,163,6.38712e-05,-0.0447622,30
1,319,p1,149,6.51198e-05,0.0849853,30
1,320,p1,139,6.27408e-05,0.137282,30
1,321,p1,117,6.66488e-05,-0.248451,30
1,322,p1,186,6.82544e-05,-0.693966,30
1,323,p1,165,6.56252e-05,-0.115952,30
1,324,p1,108,7.02225e-05,-0.24874,30
1,325,p1,146,6.94288e-05,-0.202144,30
1,326,p1,157,6.72628e-05,-0.313832,30
1,327,p1,134,6.89215e-05,-0.219403,30
1,328,p1,102,6.49087e-05,-0.0361484,30
1,329,p1,154,6.36882e-05,-0.430838,30
1,330,p1,90,6.40895e-05,-0.172241,30
1,331,p1,114,6.52735e-05,-0.288147,30
1,332,p1,108,6.58921e-05,-0.330327,30
1,333,p1,118,5.70479e-05,-0.187475,30
1,334,p1,106,5.39262e-05,0.0419214,30
1,335,p1,156,4.85608e-05,-0.318328,30
1,336,p1,120,5.55951e-05,-0.546088,30
1,337,p1,139,5.66223e-05,0.0138599,30
1,338,p1,121,5.83819e-05,-0.270853,30
1,339,p1,136,5.57685e-05,-0.211305,30
1,340,p1,182,4.39752e-05,-0.125602,30
1,341,p1,131,5.24221e-05,0.097703,30
1,342,p1,101,5.04029e-05,0.0677572,30
1,343,p1,150,5.38929e-05,0.072842,30
1,344,p1,144,5.63713e-05,-0.286483,30
1,345,p1,141,5.85295e-05,-0.352687,30
1,346,p1,176,5.03945e-05,-0.431951,30
1,347,p1,140,5.28548e-05,-0.147596,30
1,348,p1,151,5.03243e-05,0.438928,30
1,349,p1,132,5.36619e-05,0.00231262,30
1,350,p1,113,5.60095e-05,-0.478849,30
1,351,p1,218,6.03084e-05,-0.239901,30
1,352,p1,112,5.49422e-05,-0.284738,30
1,353,p1,159,6.43754e-05,0.0781229,30
1,354,p1,113,5.86463e-05,-0.297937,30
1,355,p1,122,6.06312e-05,-0.423174,30
1,356,p1,163,6.51611e-05,-0.456422,30
1,357,p1,140,5.48043e-05,-0.430312,30
1,358,p1,149,6.12376e-05,-0.265108,30
1,359,p1,104,6.41346e-05,-0.587104,30
1,360,p1,137,5.66088e-05,-0.521897,30
1,361,p1,124,5.58972e-05,-0.520556,30
1,362,p1,136,6.40879e-05,-0.306656,30
1,363,p1,96,6.76449e-05,-0.338262,30
1,364,p1,157,6.73587e-05,-0.321189,30
1,365,p1,142,6.25268e-05,-0.248735,30
1,366,p1,136,5.77928e-05,-0.424021,30
1,367,p1,121,7.27754e-05,-0.16918,30
1,368,p1,130,6.85287e-05,-0.0386733,30
1,369,p1,117,7.09603e-05,0.0168245,30
1,370,p1,107,7.17866e-05,0.187962,30
1,371,p1,118,6.94294e-05,0.233436,30
1,372,p1,233,7.57777e-05,0.405728,30
1,373,p1,154,7.38801e-05,0.178575,30
1,374,p1,132,7.48594e-05,0.209939,30
1,375,p1,153,7.49086e-05,0.143079,30
1,376,p1,162,7.41331e-05,0.18793,30
1,377,p1,113,7.3187e-05,0.164327,30
1,378,p1,129,7.93164e-05,0.51175,30
1,379,p1,143,8.20686e-05,0.709706,30
1,380,p1,109,7.94567e-05,0.56648,30
1,381,p1,124,8.28538e-05,0.782786,30
1,382,p1,157,8.06538e-05,0.669984,30
1,383,p1,123,8.4766e-05,1.03328,30
1,384,p1,126,8.24222e-05,0.702859,30
1,385,p1,152,8.06878e-05,0.584616,30
1,386,p1,175,7.7742e-05,0.546565,30
1,387,p1,85,7.95889e-05,0.840213,30
1,388,p1,116,7.74379e-05,0.316771,30
1,389,p1,146,7.64311e-05,0.633397,30
1,390,p1,179,7.5879e-05,0.82523,30
1,391,p1,126,7.16824e-05,0.514615,30
1,392,p1,115,7.48499e-05,0.325194,30
1,393,p1,130,7.51056e-05,0.205736,30
1,394,p1,158,8.12772e-05,0.734751,30
1,395,p1,125,8.95968e-05,1.07358,30
1,396,p1,165,8.30924e-05,0.605036,30
1,397,p1,136,7.72034e-05,0.886427,30
1,398,p1,143,8.06291e-05,0.480002,30
1,399,p1,159,7.74789e-05,0.79045,30
1,400,p1,177,8.64598e-05,0.532029,30
1,401,p1,114,8.35853e-05,0.893963,30
1,402,p1,153,8.07873e-05,0.820691,30
1,403,p1,129,8.06463e-05,0.195054,30
1,404,p1,158,8.39046e-05,1.08579,30
1,405,p1,132,8.09243e-05,0.637652,30
1,406,p1,103,7.79192e-05,0.66752,30
1,407,p1,173,8.3385e-05,0.644979,30
1,408,p1,120,8.06608e-05,0.618998,30
1,409,p1,121,8.72386e-05,0.784215,30
1,410,p1,121,9.1628e-05,0.894697,30
1,411,p1,136,9.14722e-05,0.723003,30
1,412,p1,112,9.16697e-05,0.60309,30
1,413,p1,147,9.60799e-05,0.689524,30
1,414,p1,162,9.72417e-05,1.01267,30
1,415,p1,101,9.5446e-05,0.671571,30
1,416,p1,141,9.83872e-05,0.857092,30
1,417,p1,170,9.47521e-05,0.797792,30
1,418,p1,138,9.73356e-05,0.515369,30
1,419,p1,70,9.17847e-05,1.10695,30
1,420,p1,159,9.12371e-05,1.05685,30
1,421,p1,172,9.08148e-05,0.945566,30
1,422,p1,125,9.26714e-05,0.772642,30
1,423,p1,126,8.77132e-05,1.22231,30
1,424,p1,152,8.69878e-05,0.928851,30
1,425,p1,118,8.43791e-05,1.45249,30
1,426,p1,117,8.50223e-05,1.15834,30
1,427,p1,177,9.11068e-05,1.45332,30
1,428,p1,160,8.50635e-05,1.71389,30
1,429,p1,124,9.0866e-05,1.4244,30
1,430,p1,100,8.62515e-05,1.94251,30
1,431,p1,160,9.54812e-05,2.04598,30
1,432,p1,126,9.17473e-05,1.93871,30
1,433,p1,99,8.55989e-05,2.13871,30
1,434,p1,125,9.5544e-05,1.72187,30
1,435,p1,139,8.98864e-05,1.67135,30
1,436,p1,112,8.05389e-05,1.25647,30
1,437,p1,119,7.59918e-05,1.33912,30
1,438,p1,107,8.06804e-05,1.07054,30
1,439,p1,161,7.35303e-05,1.302,30
1,440,p1,165,7.56185e-05,1.17749,30
1,441,p1,143,7.56059e-05,1.17941,30
1,442,p1,139,7.16808e-05,1.26857,30
1,443,p1,120,6.76611e-05,1.46314,30
1,444,p1,154,7.14402e-05,1.47208,30
1,445,p1,162,7.31582e-05,1.28302,30
1,446,p1,129,7.60087e-05,0.873291,30
1,447,p1,133,7.18517e-05,1.09972,30
1,448,p1,140,6.72186e-05,1.19831,30
1,449,p1,98,7.33632e-05,0.857235,30
1,450,p1,158,8.11985e-05,0.841026,30
1,451,p1,100,5.96435e-05,0.923759,30
1,452,p1,136,6.26171e-05,0.848088,30
1,453,p1,76,5.56657e-05,0.972507,30
1,454,p1,107,4.95266e-05,0.97732,30
1,455,p1,137,3.71671e-05,1.15918,30
1,456,p1,156,3.31384e-05,1.03701,30
1,457,p1,125,4.69459e-05,0.764156,30
1,458,p1,120,5.28698e-05,0.824191,30
1,459,p1,128,3.26328e-05,1.07662,30
1,460,p1,131,2.28169e-05,1.17803,30
1,461,p1,164,2.61924e-05,1.20255,30
1,462,p1,111,2.81718e-05,1.02533,30
1,463,p1,129,2.36668e-05,1.19752,30
1,464,p1,117,1.85521e-05,1.18613,30
1,465,p1,137,3.12963e-05,0.940491,30
1,466,p1,177,2.68135e-05,1.10431,30
1,467,p1,109,1.20061e-05,1.16645,30
1,468,p1,92,1.7184e-05,1.19187,30
1,469,p1,118,1.9651e-05,1.18907,30
1,470,p1,189,1.26256e-05,1.0578,30
1,471,p1,145,1.0765e-05,1.0202,30
1,472,p1,122,1.21053e-05,1.42656,30
1,473,p1,124,1.25725e-05,1.54522,30
1,474,p1,126,1.06381e-05,1.21981,30
1,475,p1,155,1.05259e-05,1.29271,30
1,476,p1,101,9.57063e-06,1.41295,30
1,477,p1,134,1.01518e-05,1.32428,30
1,478,p1,133,1.05396e-05,1.34421,30
1,479,p1,177,9.94334e-06,1.48084,30
1,480,p1,144,9.63397e-06,1.21057,30
1,481,p1,116,9.91528e-06,1.40525,30
1,482,p1,149,9.54529e-06,1.4045,30
1,483,p1,114,7.66428e-06,1.17841,30
1,484,p1,171,9.58038e-06,1.20049,30
1,485,p1,139,1.13866e-05,1.47562,30
1,486,p1,125,1.07498e-05,1.39954,30
1,487,p1,96,1.15576e-05,1.04669,30
1,488,p1,160,1.18305e-05,1.1684,30
1,489,p1,133,1.0597e-05,1.57453,30
1,490,p1,100,1.24965e-05,1.41971,30
1,491,p1,140,1.47923e-05,1.37648,30
1,492,p1,158,1.49331e-05,1.58091,30
1,493,p1,167,1.63428e-05,2.0698,30
1,494,p1,113,1.80206e-05,2.08765,30
1,495,p1,153,1.87949e-05,2.29881,30
1,496,p1,109,1.65904e-05,2.53576,30
1,497,p1,129,1.75545e-05,2.22892,30
1,498,p1,137,1.60445e-05,2.06022,30
1,499,p1,128,1.52795e-05,1.92095,30
1,500,p1,130,1.50423e-05,2.09396,30
1,501,p1,145,1.35101e-05,2.15857,30
1,502,p1,147,1.30883e-05,2.55231,30
1,503,p1,131,1.20171e-05,2.82028,30
1,504,p1,149,1.31537e-05,2.5037,30
1,505,p1,124,1.42267e-05,3.03003,30
1,506,p1,145,1.25558e-05,2.6618,30
1,507,p1,124,1.17342e-05,3.07784,30
1,508,p1,148,1.23856e-05,3.41108,30
1,509,p1,94,1.38134e-05,3.57401,30
1,510,p1,131,1.25112e-05,3.49926,30
1,511,p1,216,1.36656e-05,3.63974,30
1,512,p1,140,1.43143e-05,3.71111,30
1,513,p1,108,1.40668e-05,3.66379,30
1,514,p1,127,1.38896e-05,3.65587,30
1,515,p1,153,1.34523e-05,3.33957,30
1,516,p1,134,1.65276e-05,3.58224,30
1,517,p1,139,1.41771e-05,3.59036,30
1,518,p1,124,1.46205e-05,3.55656,30
1,519,p1,111,1.25732e-05,3.08498,30
1,520,p1,141,1.2563e-05,3.10078,30
1,521,p1,148,1.3269e-05,3.17341,30
1,522,p1,150,1.22216e-05,3.13509,30
1,523,p1,111,1.45272e-05,2.94652,30
1,524,p1,138,1.26552e-05,2.61252,30
1,525,p1,167,1.29834e-05,2.76464,30
1,526,p1,114,1.41324e-05,2.62483,30
1,527,p1,160,1.33398e-05,2.50877,30
1,528,p1,124,1.46033e-05,2.59168,30
1,529,p1,151,1.57976e-05,2.7549,30
1,530,p1,113,1.47145e-05,2.68915,30
1,531,p1,108,1.53678e-05,2.45579,30
1,532,p1,119,1.5894e-05,2.3979,30
1,533,p1,110,1.86149e-05,2.84733,30
1,534,p1,144,1.61634e-05,2.44188,30
1,535,p1,137,1.85926e-05,3.03293,30
1,536,p1,110,1.87901e-05,2.85703,30
1,537,p1,170,2.02697e-05,3.1597,30
1,538,p1,114,2.07437e-05,3.2208,30
1,539,p1,125,1.81738e-05,2.81098,30
1,540,p1,154,1.64916e-05,2.90338,30
1,541,p1,109,1.66253e-05,2.66666,30
1,542,p1,122,1.81574e-05,2.71131,30
1,543,p1,163,1.77302e-05,2.82464,30
1,544,p1,158,1.7248e-05,2.71768,30
1,545,p1,133,1.67983e-05,1.93903,30
1,546,p1,152,1.83079e-05,2.23488,30
1,547,p1,168,1.7548e-05,2.46361,30
1,548,p1,108,1.56104e-05,1.56004,30
1,549,p1,146,1.6964e-05,2.14579,30
1,550,p1,113,1.86033e-05,1.79363,30
1,551,p1,110,1.85789e-05,2.09173,30
1,552,p1,166,1.97046e-05,1.97286,30
1,553,p1,125,1.98384e-05,2.3276,30
1,554,p1,137,2.06599e-05,2.67847,30
1,555,p1,128,2.01343e-05,2.36892,30
1,556,p1,138,1.9158e-05,2.38418,30
1,557,p1,116,1.78812e-05,2.37575,30
1,558,p1,121,1.76959e-05,2.26135,30
1,559,p1,140,1.92727e-05,2.38619,30
1,560,p1,164,1.80612e-05,2.20692,30
1,561,p1,89,1.47873e-05,1.68834,30
1,562,p1,123,1.47452e-05,1.85633,30
1,563,p1,169,1.66428e-05,2.00666,30
1,564,p1,176,1.77081e-05,2.23742,30
1,565,p1,135,1.93676e-05,2.38736,30
1,566,p1,119,1.68099e-05,2.77043,30
1,567,p1,159,1.75126e-05,2.72054,30
1,568,p1,156,1.61002e-05,2.50741,30
1,569,p1,140,1.89702e-05,2.497,30
1,570,p1,149,1.71393e-05,2.65852,30
1,571,p1,121,1.54323e-05,2.90707,30
1,572,p1,109,1.50072e-05,2.96158,30
1,573,p1,164,1.71135e-05,2.98277,30
1,574,p1,119,1.62047e-05,2.81526,30
1,575,p1,98,1.77421e-05,2.89335,30
1,576,p1,164,1.65534e-05,2.79512,30
1,577,p1,130,1.77169e-05,2.75743,30
1,578,p1,142,1.84594e-05,2.36631,30
1,579,p1,140,1.9325e-05,2.61775,30
1,580,p1,183,1.78257e-05,2.60606,30
1,581,p1,152,2.24323e-05,3.11393,30
1,582,p1,105,1.88957e-05,3.01988,30
1,583,p1,140,1.97862e-05,2.55025,30
1,584,p1,168,2.14272e-05,2.82428,30
1,585,p1,147,2.18583e-05,2.31133,30
1,586,p1,111,2.63071e-05,2.46503,30
1,587,p1,133,2.14978e-05,2.62259,30
1,588,p1,117,1.76408e-05,2.61546,30
1,589,p1,142,2.39464e-05,3.2089,30
1,590,p1,98,2.54967e-05,3.19565,30
1,591,p1,140,2.26898e-05,2.84131,30
1,592,p1,144,2.34235e-05,2.53089,30
1,593,p1,163,2.3187e-05,2.71387,30
1,594,p1,167,2.60103e-05,2.96165,30
1,595,p1,126,2.29006e-05,3.18287,30
1,596,p1,121,1.94632e-05,2.71962,30
1,597,p1,133,1.79801e-05,2.69209,30
1,598,p1,84,1.88279e-05,2.47935,30
1,599,p1,126,1.92432e-05,2.48663,30
1,600,p1,113,1.8716e-05,2.41199,30
1,601,p1,126,1.55067e-05,2.63178,30
1,602,p1,144,1.57697e-05,2.60865,30
1,603,p1,151,1.61396e-05,2.18095,30
1,604,p1,126,1.57152e-05,2.28291,30
1,605,p1,148,1.51274e-05,2.26471,30
1,606,p1,133,1.55029e-05,2.3687,30
1,607,p1,129,1.49763e-05,2.42759,30
1,608,p1,168,1.41959e-05,2.0585,30
1,609,p1,147,1.25237e-05,2.10031,30
1,610,p1,145,1.61222e-05,2.24979,30
1,611,p1,124,1.39636e-05,2.09938,30
1,612,p1,105,1.32476e-05,2.53421,30
1,613,p1,129,1.11931e-05,2.46095,30
1,614,p1,114,1.28474e-05,1.95671,30
1,615,p1,153,1.17534e-05,2.26734,30
1,616,p1,165,1.28485e-05,2.04971,30
1,617,p1,165,1.20613e-05,2.12392,30
1,618,p1,132,1.24825e-05,2.60091,30
1,619,p1,132,1.22202e-05,2.32154,30
1,620,p1,111,1.27778e-05,2.29748,30
1,621,p1,147,1.17428e-05,2.16308,30
1,622,p1,138,1.33381e-05,2.28529,30
1,623,p1,110,1.19756e-05,2.42117,30
1,624,p1,122,1.34272e-05,2.45584,30
1,625,p1,160,1.24242e-05,2.39265,30
1,626,p1,138,1.23955e-05,2.22377,30
1,627,p1,110,1.53289e-05,2.14596,30
1,628,p1,153,1.33054e-05,2.42738,30
1,629,p1,142,1.50481e-05,2.33824,30
1,630,p1,118,1.40269e-05,2.12034,30
1,631,p1,129,1.25224e-05,2.3074,30
1,632,p1,108,1.46086e-05,2.32264,30
1,633,p1,185,1.5092e-05,1.93569,30
1,634,p1,116,1.39637e-05,2.05112,30
1,635,p1,118,1.42244e-05,2.18824,30
1,636,p1,114,1.57002e-05,1.89998,30
1,637,p1,141,1.3532e-05,2.1665,30
1,638,p1,143,1.3888e-05,2.24726,30
1,639,p1,137,1.46822e-05,2.24739,30
1,640,p1,143,1.7005e-05,1.69381,30
1,641,p1,120,1.70861e-05,2.17416,30
1,642,p1,147,1.72405e-05,2.07787,30
1,643,p1,170,1.70067e-05,1.80203,30
1,644,p1,154,1.54204e-05,2.0161,30
1,645,p1,116,1.53355e-05,2.35926,30
1,646,p1,126,1.65331e-05,2.36398,30
1,647,p1,160,1.96551e-05,1.71707,30
1,648,p1,129,2.12574e-05,1.86909,30
1,649,p1,123,1.98569e-05,1.592,30
1,650,p1,159,2.3271e-05,1.15518,30
1,651,p1,111,2.14171e-05,1.75024,30
1,652,p1,134,2.3642e-05,1.6752,30
1,653,p1,145,2.29912e-05,1.88838,30
1,654,p1,198,2.61245e-05,1.45639,30
1,655,p1,99,2.54229e-05,1.52053,30
1,656,p1,115,2.39921e-05,1.5243,30
1,657,p1,160,2.48445e-05,1.60541,30
1,658,p1,147,2.14524e-05,1.65841,30
1,659,p1,163,1.75059e-05,2.02158,30
1,660,p1,106,2.0898e-05,1.71908,30
1,661,p1,156,2.17731e-05,1.74531,30
1,662,p1,170,1.83261e-05,2.401,30
1,663,p1,147,1.79652e-05,2.34179,30
1,664,p1,68,2.31607e-05,2.38586,30
1,665,p1,138,2.33562e-05,2.5719,30
1,666,p1,162,2.34547e-05,2.10278,30
1,667,p1,132,2.57343e-05,1.65539,30
1,668,p1,78,2.40426e-05,1.34277,30
1,669,p1,162,2.2332e-05,1.71462,30
1,670,p1,113,2.1896e-05,1.87432,30
1,671,p1,147,2.33282e-05,1.65227,30
1,672,p1,160,2.52467e-05,1.60604,30
1,673,p1,118,2.51293e-05,2.16127,30
1,674,p1,135,2.391e-05,2.0078,30
1,675,p1,122,2.65187e-05,2.00401,30
1,676,p1,170,2.51675e-05,1.54931,30
1,677,p1,128,2.55872e-05,1.70612,30
1,678,p1,121,2.91076e-05,1.6854,30
1,679,p1,126,3.01644e-05,1.38799,30
1,680,p1,94,3.61091e-05,1.20683,30
1,681,p1,173,3.71376e-05,0.978891,30
1,682,p1,183,3.76401e-05,1.07116,30
1,683,p1,121,3.75367e-05,0.821128,30
1,684,p1,172,3.81389e-05,1.30005,30
1,685,p1,103,3.75615e-05,1.14893,30
1,686,p1,167,3.26663e-05,1.40641,30
1,687,p1,136,3.67031e-05,1.53686,30
1,688,p1,122,3.74083e-05,0.795382,30
1,689,p1,127,3.54712e-05,1.7156,30
1,690,p1,135,3.778e-05,0.401224,30
1,691,p1,165,3.83089e-05,0.919727,30
1,692,p1,128,3.80307e-05,0.789989,30
1,693,p1,165,3.19899e-05,1.75488,30
1,694,p1,143,3.61888e-05,1.45787,30
1,695,p1,103,2.81068e-05,2.1384,30
1,696,p1,152,2.78222e-05,2.36111,30
1,697,p1,124,3.68584e-05,2.02122,30
1,698,p1,151,3.55559e-05,2.58851,30
1,699,p1,102,3.65062e-05,1.9163,30
1,700,p1,162,3.51271e-05,2.26778,30
1,701,p1,128,3.39722e-05,2.23166,30
1,702,p1,143,3.62609e-05,1.34722,30
1,703,p1,82,2.5954e-05,2.47069,30
1,704,p1,159,3.03259e-05,2.37583,30
1,705,p1,123,3.03199e-05,2.15332,30
1,706,p1,138,2.63776e-05,1.29064,30
1,707,p1,101,1.92128e-05,2.33824,30
1,708,p1,145,2.4386e-05,2.11765,30
1,709,p1,124,2.29117e-05,2.44923,30
1,710,p1,126,2.54601e-05,2.27934,30
1,711,p1,139,2.19029e-05,2.5223,30
1,712,p1,138,2.7459e-05,2.45507,30
1,713,p1,179,2.61069e-05,2.75061,30
1,714,p1,115,1.88276e-05,2.61331,30
1,715,p1,133,2.54842e-05,3.0951,30
1,716,p1,148,2.79444e-05,2.54032,30
1,717,p1,123,2.95277e-05,1.91448,30
1,718,p1,108,2.94577e-05,2.13903,30
1,719,p1,179,2.54674e-05,2.20665,30
1,720,p1,124,3.157e-05,1.88914,30
1,721,p1,120,2.92281e-05,1.55361,30
1,722,p1,172,3.04675e-05,1.30952,30
1,723,p1,107,3.2174e-05,1.96344,30
1,724,p1,127,2.85334e-05,2.41492,30
1,725,p1,142,3.83773e-05,2.70483,30
1,726,p1,145,3.69712e-05,2.76264,30
1,727,p1,137,3.63421e-05,2.93137,30
1,728,p1,139,3.55745e-05,2.82457,30
1,729,p1,139,3.92301e-05,3.03844,30
1,730,p1,163,3.48338e-05,3.07061,30
1,731,p1,133,3.70264e-05,3.06398,30
1,732,p1,111,3.58713e-05,2.92261,30
1,733,p1,148,3.67417e-05,2.94609,30
1,734,p1,163,3.39734e-05,2.88829,30
1,735,p1,147,3.65174e-05,2.95534,30
1,736,p1,157,3.48367e-05,2.92124,30
1,737,p1,106,3.25712e-05,3.01743,30
1,738,p1,137,3.72588e-05,3.06192,30
1,739,p1,153,3.05062e-05,2.87498,30
1,740,p1,136,3.19661e-05,3.15079,30
1,741,p1,126,3.04907e-05,3.2569,30
1,742,p1,151,3.17701e-05,3.1489,30
1,743,p1,162,3.33608e-05,3.14898,30
1,744,p1,69,3.73125e-05,3.0959,30
1,745,p1,109,3.74733e-05,3.17161,30
1,746,p1,145,3.4361e-05,2.9219,30
1,747,p1,143,3.3721e-05,2.93197,30
1,748,p1,115,3.87652e-05,2.86403,30
1,749,p1,129,3.91671e-05,3.08258,30
1,750,p1,101,4.18591e-05,3.17826,30
1,751,p1,206,3.98091e-05,3.23298,30
1,752,p1,107,3.94305e-05,3.33235,30
1,753,p1,118,4.06938e-05,3.20163,30
1,754,p1,117,4.08587e-05,3.05403,30
1,755,p1,129,3.75909e-05,2.89702,30
1,756,p1,136,3.61405e-05,2.96239,30
1,757,p1,134,4.02228e-05,3.47066,30
1,758,p1,95,4.08255e-05,3.52105,30
1,759,p1,149,4.13722e-05,3.23267,30
1,760,p1,144,4.12047e-05,3.4178,30
1,761,p1,98,3.87057e-05,3.41494,30
1,762,p1,151,3.663e-05,3.31915,30
1,763,p1,142,4.46667e-05,3.44245,30
1,764,p1,155,4.07704e-05,3.44551,30
1,765,p1,72,3.91811e-05,3.364,30
1,766,p1,132,4.54069e-05,3.33084,30
1,767,p1,142,3.9145e-05,3.28517,30
1,768,p1,93,4.37056e-05,3.37731,30
1,769,p1,158,4.38029e-05,3.28985,30
1,770,p1,104,4.39895e-05,3.43341,30
1,771,p1,136,4.41528e-05,3.39723,30
1,772,p1,179,4.60387e-05,3.21201,30
1,773,p1,113,4.35116e-05,3.15511,30
1,774,p1,116,4.67981e-05,3.0916,30
1,775,p1,118,4.67807e-05,3.20241,30
1,776,p1,142,4.7469e-05,3.25145,30
1,777,p1,147,4.55192e-05,3.37847,30
1,778,p1,125,4.67306e-05,3.25392,30
1,779,p1,117,4.83567e-05,3.07776,30
1,780,p1,128,4.74637e-05,2.81194,30
1,781,p1,140,4.36709e-05,2.76966,30
1,782,p1,150,4.42311e-05,2.82603,30
1,783,p1,144,4.50784e-05,3.06296,30
1,784,p1,180,4.84171e-05,3.02403,30
1,785,p1,121,5.0305e-05,2.81209,30
1,786,p1,150,4.78864e-05,3.0756,30
1,787,p1,100,4.7863e-05,3.17444,30
1,788,p1,158,4.79338e-05,3.13466,30
1,789,p1,135,4.55745e-05,2.804,30
1,790,p1,88,3.98825e-05,2.82279,30
1,791,p1,161,4.21458e-05,2.91429,30
1,792,p1,129,3.89922e-05,3.03346,30
1,793,p1,132,3.59823e-05,3.23121,30
1,794,p1,79,3.78112e-05,2.98367,30
1,795,p1,160,3.74021e-05,2.98509,30
1,796,p1,133,3.9974e-05,3.38471,30
1,797,p1,118,4.20738e-05,3.40985,30
1,798,p1,135,3.65813e-05,3.14347,30
1,799,p1,187,3.32147e-05,3.19181,30
1,800,p1,145,3.40157e-05,3.13639,30
1,801,p1,116,3.91989e-05,3.43523,30
1,802,p1,119,4.06416e-05,3.57431,30
1,803,p1,166,4.00423e-05,3.44173,30
1,804,p1,88,3.53286e-05,3.44032,30
1,805,p1,139,3.80573e-05,3.56582,30
1,806,p1,163,4.1481e-05,3.59415,30
1,807,p1,122,4.26639e-05,3.47269,30
1,808,p1,77,4.01307e-05,3.4814,30
1,809,p1,137,4.08296e-05,3.42724,30
1,810,p1,174,4.20349e-05,3.71245,30
1,811,p1,118,3.70784e-05,3.61542,30
1,812,p1,102,3.72121e-05,3.61415,30
1,813,p1,151,3.78113e-05,3.47466,30
1,814,p1,138,3.82706e-05,3.82719,30
1,815,p1,138,4.35893e-05,3.71689,30
1,816,p1,100,4.2701e-05,3.85611,30
1,817,p1,114,4.51316e-05,3.76188,30
1,818,p1,142,4.42368e-05,3.7414,30
1,819,p1,133,4.7012e-05,3.85509,30
1,820,p1,114,4.77589e-05,3.80996,30
1,821,p1,171,4.46814e-05,3.45966,30
1,822,p1,89,4.15333e-05,3.92131,30
1,823,p1,151,4.41461e-05,3.85061,30
1,824,p1,194,4.47902e-05,3.66315,30
1,825,p1,129,4.25374e-05,3.73289,30
1,826,p1,102,4.21809e-05,3.60875,30
1,827,p1,153,3.96243e-05,3.79752,30
1,828,p1,168,4.7072e-05,3.91919,30
1,829,p1,135,4.21652e-05,3.84659,30
1,830,p1,138,4.41982e-05,3.88692,30
1,831,p1,112,3.77196e-05,4.07239,30
1,832,p1,125,3.62886e-05,3.84415,30
1,833,p1,149,4.18851e-05,3.89753,30
1,834,p1,128,4.75424e-05,4.23501,30
1,835,p1,121,4.74384e-05,4.29968,30
1,836,p1,124,4.39155e-05,4.13159,30
1,837,p1,146,4.99953e-05,4.48087,30
1,838,p1,172,5.10083e-05,4.28721,30
1,839,p1,138,4.52573e-05,3.88743,30
1,840,p1,151,4.85507e-05,3.93901,30
1,841,p1,124,4.30154e-05,4.22553,30
1,842,p1,90,4.38426e-05,4.25953,30
1,843,p1,140,4.82324e-05,3.85483,30
1,844,p1,136,4.18223e-05,4.31824,30
1,845,p1,163,3.78183e-05,4.20739,30
1,846,p1,86,3.57369e-05,4.06441,30
1,847,p1,149,3.45942e-05,4.19745,30
1,848,p1,153,3.66592e-05,3.96096,30
1,849,p1,93,3.54318e-05,4.23296,30
1,850,p1,152,3.78194e-05,4.23867,30
1,851,p1,143,4.17761e-05,4.28353,30
1,852,p1,126,3.6228e-05,4.23806,30
1,853,p1,120,4.07187e-05,4.39139,30
1,854,p1,160,4.17449e-05,4.77108,30
1,855,p1,156,4.13961e-05,4.58967,30
1,856,p1,145,4.2601e-05,4.5438,30
1,857,p1,124,4.26122e-05,4.39176,30
1,858,p1,123,4.202e-05,4.40362,30
1,859,p1,111,4.48649e-05,4.4415,30
1,860,p1,186,4.19905e-05,4.38765,30
1,861,p1,152,4.6917e-05,5.16328,30
1,862,p1,128,4.37216e-05,4.91249,30
1,863,p1,127,4.78436e-05,4.53578,30
1,864,p1,85,4.69495e-05,4.38839,30
1,865,p1,135,4.59432e-05,4.767,30
1,866,p1,186,4.80201e-05,4.97832,30
1,867,p1,123,4.81843e-05,4.8264,30
1,868,p1,161,4.79245e-05,4.77611,30
1,869,p1,137,4.48617e-05,4.78401,30
1,870,p1,121,5.27775e-05,5.12675,30
1,871,p1,129,5.17069e-05,5.30907,30
1,872,p1,123,4.93612e-05,5.04168,30
1,873,p1,148,5.67396e-05,5.34964,30
1,874,p1,121,4.49081e-05,5.7433,30
1,875,p1,139,4.42956e-05,5.67473,30
1,876,p1,113,4.5603e-05,5.61614,30
1,877,p1,129,4.71606e-05,5.6555,30
1,878,p1,140,4.79485e-05,5.61118,30
1,879,p1,132,4.84039e-05,5.80555,30
1,880,p1,124,5.67609e-05,5.70106,30
1,881,p1,133,5.24004e-05,5.59945,30
1,882,p1,120,5.00385e-05,5.62738,30
1,883,p1,185,5.26697e-05,5.71296,30
1,884,p1,134,5.11612e-05,5.37189,30
1,885,p1,73,5.44596e-05,5.61821,30
1,886,p1,131,4.82245e-05,5.89107,30
1,887,p1,169,4.88017e-05,5.65397,30
1,888,p1,101,4.96716e-05,5.48588,30
1,889,p1,139,5.30995e-05,5.08169,30
1,890,p1,121,4.90233e-05,5.62828,30
1,891,p1,112,5.14226e-05,5.69885,30
1,892,p1,164,4.90302e-05,5.58029,30
1,893,p1,145,4.65229e-05,5.06166,30
1,894,p1,93,4.90051e-05,5.56147,30
1,895,p1,181,4.72802e-05,5.32188,30
1,896,p1,132,4.61435e-05,6.09585,30
1,897,p1,110,4.99628e-05,5.27375,30
1,898,p1,164,4.95126e-05,6.03605,30
1,899,p1,141,4.84299e-05,6.37018,30
1,900,p1,113,5.15733e-05,6.06015,30
1,901,p1,170,5.23839e-05,6.08455,30
1,902,p1,160,5.73223e-05,6.29674,30
1,903,p1,109,5.1265e-05,6.3835,30
1,904,p1,117,5.60384e-05,5.62309,30
1,905,p1,156,5.46318e-05,5.77721,30
1,906,p1,147,5.62527e-05,5.32968,30
1,907,p1,137,5.06972e-05,5.84493,30
1,908,p1,127,4.98549e-05,6.36781,30
1,909,p1,169,4.95695e-05,5.99415,30
1,910,p1,127,5.16458e-05,5.9507,30
1,911,p1,100,5.23995e-05,5.98889,30
1,912,p1,153,5.23294e-05,6.11802,30
1,913,p1,146,5.02601e-05,6.62431,30
1,914,p1,102,4.48356e-05,6.45029,30
1,915,p1,165,4.65387e-05,6.58817,30
1,916,p1,144,4.62191e-05,6.42325,30
1,917,p1,124,4.26675e-05,6.61488,30
1,918,p1,155,4.55453e-05,6.43914,30
1,919,p1,131,4.4079e-05,6.00561,30
1,920,p1,105,4.2473e-05,6.61064,30
1,921,p1,166,4.42517e-05,6.45431,30
1,922,p1,177,4.57391e-05,6.53491,30
1,923,p1,150,4.65049e-05,6.54916,30
1,924,p1,91,4.12619e-05,6.7197,30
1,925,p1,135,4.47907e-05,6.38219,30
1,926,p1,135,4.47975e-05,6.41593,30
1,927,p1,127,4.81831e-05,6.31913,30
1,928,p1,144,4.70602e-05,6.32567,30
1,929,p1,108,4.9291e-05,6.45941,30
1,930,p1,143,4.90523e-05,5.61368,30
1,931,p1,152,4.85042e-05,5.89703,30
1,932,p1,155,4.96685e-05,6.16554,30
1,933,p1,137,4.64686e-05,6.57109,30
1,934,p1,116,4.33152e-05,6.81375,30
1,935,p1,119,4.68332e-05,6.86158,30
1,936,p1,158,4.09968e-05,7.10922,30
1,937,p1,175,4.58491e-05,7.47297,30
1,938,p1,124,4.10572e-05,7.6223,30
1,939,p1,74,3.76625e-05,7.77069,30
1,940,p1,139,3.80037e-05,7.9002,30
1,941,p1,157,3.79052e-05,7.70846,30
1,942,p1,74,4.20161e-05,7.91684,30
1,943,p1,115,3.66325e-05,7.87104,30
1,944,p1,134,4.06725e-05,7.94798,30
1,945,p1,194,4.1984e-05,8.1935,30
1,946,p1,122,4.03561e-05,7.86252,30
1,947,p1,82,4.28644e-05,8.22792,30
1,948,p1,117,4.21685e-05,8.34711,30
1,949,p1,150,4.1168e-05,8.37844,30
1,950,p1,120,3.93167e-05,7.99347,30
1,951,p1,130,4.0076e-05,7.87825,30
1,952,p1,150,4.21496e-05,8.43342,30
1,953,p1,121,3.87818e-05,8.16758,30
1,954,p1,118,3.83047e-05,7.85717,30
1,955,p1,143,4.09101e-05,7.88796,30
1,956,p1,180,4.42099e-05,7.86098,30
1,957,p1,137,4.8522e-05,7.15639,30
1,958,p1,102,4.6461e-05,7.66398,30
1,959,p1,134,4.39652e-05,7.85259,30
1,960,p1,130,4.83163e-05,7.84599,30
1,961,p1,139,4.82661e-05,7.30679,30
1,962,p1,122,4.17972e-05,7.50536,30
1,963,p1,159,4.38962e-05,7.46676,30
1,964,p1,180,4.74948e-05,7.17335,30
1,965,p1,108,5.24537e-05,7.03407,30
1,966,p1,145,5.23149e-05,7.23309,30
1,967,p1,160,5.21033e-05,7.1644,30
1,968,p1,127,5.34612e-05,7.10612,30
1,969,p1,91,5.43564e-05,6.83085,30
1,970,p1,134,5.51969e-05,6.69339,30
1,971,p1,123,5.35135e-05,7.06451,30
1,972,p1,129,5.66063e-05,7.49713,30
1,973,p1,117,6.20498e-05,7.34392,30
1,974,p1,162,6.24432e-05,6.80518,30
1,975,p1,105,6.09796e-05,7.23758,30
1,976,p1,137,5.89595e-05,7.19292,30
1,977,p1,195,6.14874e-05,7.68318,30
1,978,p1,111,5.84705e-05,7.19051,30
1,979,p1,145,5.73648e-05,7.20219,30
1,980,p1,167,5.95337e-05,6.94787,30
1,981,p1,124,6.04123e-05,7.3823,30
1,982,p1,171,5.80844e-05,8.29453,30
1,983,p1,155,5.24604e-05,8.2649,30
1,984,p1,101,5.71851e-05,7.81545,30
1,985,p1,120,5.57347e-05,7.70109,30
1,986,p1,151,5.56934e-05,8.38271,30
1,987,p1,104,5.64835e-05,8.61688,30
1,988,p1,134,5.99243e-05,8.89881,30
1,989,p1,145,5.70697e-05,8.85905,30
1,990,p1,112,5.82697e-05,8.94314,30
1,991,p1,122,5.36365e-05,8.5597,30
1,992,p1,185,5.25094e-05,9.1888,30
1,993,p1,104,5.25758e-05,9.01633,30
1,994,p1,118,5.54216e-05,8.72523,30
1,995,p1,176,5.2147e-05,9.42519,30
1,996,p1,134,5.47516e-05,8.85593,30
1,997,p1,158,5.90038e-05,8.8449,30
1,998,p1,134,5.89847e-05,9.04848,30
1,999,p1,129,5.36783e-05,9.01654,30
1,1000,p1,146,5.47319e-05,8.88879,30
1,1001,p1,108,5.37976e-05,8.90764,30
1,1002,p1,192,5.35273e-05,9.06685,30
1,1003,p1,133,4.886e-05,8.65301,30
1,1004,p1,143,4.84674e-05,8.53662,30
1,1005,p1,150,4.96898e-05,8.55629,30
1,1006,p1,119,4.96533e-05,8.56649,30
1,1007,p1,118,5.07189e-05,8.84473,30
1,1008,p1,121,5.23762e-05,9.13684,30
1,1009,p1,181,5.07936e-05,8.74064,30
1,1010,p1,184,5.18468e-05,8.63705,30
1,1011,p1,177,5.24404e-05,8.85821,30
1,1012,p1,112,5.16179e-05,8.79415,30
1,1013,p1,133,5.39041e-05,8.82062,30
1,1014,p1,150,5.40927e-05,8.81113,30
1,1015,p1,128,5.05545e-05,8.46677,30
1,1016,p1,161,5.1114e-05,8.24691,30
1,1017,p1,139,5.24833e-05,8.23873,30
1,1018,p1,158,5.0965e-05,8.43594,30
1,1019,p1,80,5.11539e-05,8.65858,30
1,1020,p1,126,5.26436e-05,8.83198,30
1,1021,p1,153,5.19685e-05,8.42555,30
1,1022,p1,113,5.17934e-05,8.73303,30
1,1023,p1,114,5.16032e-05,8.57861,30
1,1024,p1,167,5.18636e-05,8.70539,30
1,1025,p1,162,5.09038e-05,8.20522,30
1,1026,p1,127,5.36577e-05,8.5121,30
1,1027,p1,132,5.53357e-05,8.91378,30
1,1028,p1,109,5.61388e-05,9.01769,30
1,1029,p1,148,5.67515e-05,8.62208,30
1,1030,p1,135,5.88642e-05,8.62961,30
1,1031,p1,85,5.68381e-05,8.73452,30
1,1032,p1,140,5.99617e-05,9.04414,30
1,1033,p1,168,5.92065e-05,8.52822,30
1,1034,p1,122,5.66148e-05,8.69045,30
1,1035,p1,113,5.87705e-05,8.8016,30
1,1036,p1,172,6.01996e-05,8.93199,30
1,1037,p1,119,6.09346e-05,8.91855,30
1,1038,p1,85,6.15972e-05,8.6859,30
1,1039,p1,144,6.13848e-05,9.01515,30
1,1040,p1,170,6.1981e-05,8.94515,30
1,1041,p1,116,6.34171e-05,8.47168,30
1,1042,p1,100,6.1241e-05,8.2632,30
1,1043,p1,152,6.28432e-05,8.70435,30
1,1044,p1,164,6.19808e-05,8.35519,30
1,1045,p1,120,5.71687e-05,8.17134,30
1,1046,p1,102,5.78749e-05,8.25763,30
1,1047,p1,177,6.22296e-05,8.74526,30
1,1048,p1,146,6.20339e-05,8.42703,30
1,1049,p1,126,6.39827e-05,8.63138,30
1,1050,p1,152,6.48197e-05,9.26314,30
1,1051,p1,160,6.6733e-05,9.22953,30
1,1052,p1,109,6.81824e-05,9.31029,30
1,1053,p1,158,6.82571e-05,9.10205,30
1,1054,p1,124,6.69446e-05,9.35875,30
1,1055,p1,136,6.71891e-05,9.57223,30
1,1056,p1,168,6.96623e-05,9.45677,30
1,1057,p1,172,6.86092e-05,9.03517,30
1,1058,p1,156,6.99686e-05,9.26759,30
1,1059,p1,124,6.93604e-05,8.72443,30
1,1060,p1,107,7.01952e-05,9.1049,30
1,1061,p1,168,6.83794e-05,10.0366,30
1,1062,p1,146,6.75403e-05,10.224,30
1,1063,p1,116,6.73581e-05,9.27587,30
1,1064,p1,150,6.59924e-05,10.3102,30
1,1065,p1,173,6.67009e-05,10.1097,30
1,1066,p1,109,6.99966e-05,10.1116,30
1,1067,p1,101,7.15699e-05,10.0693,30
1,1068,p1,165,7.05287e-05,10.2307,30
1,1069,p1,164,6.88329e-05,10.336,30
1,1070,p1,112,6.52017e-05,10.7127,30
1,1071,p1,147,6.70478e-05,10.8151,30
1,1072,p1,150,6.84498e-05,10.2263,30
1,1073,p1,106,6.12295e-05,11.6346,30
1,1074,p1,136,5.14909e-05,12.9519,30
1,1075,p1,120,5.88455e-05,12.0402,30
1,1076,p1,149,6.0327e-05,11.8184,30
1,1077,p1,144,5.93926e-05,11.8909,30
1,1078,p1,120,5.60267e-05,12.4166,30
1,1079,p1,129,5.92236e-05,12.3092,30
1,1080,p1,154,5.43797e-05,12.4358,30
1,1081,p1,115,6.34473e-05,11.3819,30
1,1082,p1,149,5.63653e-05,12.4272,30
1,1083,p1,129,5.99258e-05,11.9515,30
1,1084,p1,94,6.61532e-05,11.0272,30
1,1085,p1,114,6.83226e-05,10.7178,30
1,1086,p1,121,6.17403e-05,11.5164,30
1,1087,p1,117,6.23165e-05,11.5582,30
1,1088,p1,128,6.67719e-05,10.9554,30
1,1089,p1,120,6.80069e-05,10.4682,30
1,1090,p1,150,6.7932e-05,9.95918,30
1,1091,p1,87,7.03059e-05,10.1005,30
1,1092,p1,92,7.01695e-05,10.793,30
1,1093,p1,160,6.9873e-05,9.68848,30
1,1094,p1,124,6.85152e-05,9.92647,30
1,1095,p1,125,6.84346e-05,10.1222,30
1,1096,p1,66,6.80957e-05,9.78178,30
1,1097,p1,104,6.72929e-05,9.37048,30
1,1098,p1,173,6.86216e-05,9.83611,30
1,1099,p1,143,6.87239e-05,9.97667,30
1,1100,p1,155,7.25016e-05,9.43101,30
1,1101,p1,118,6.79754e-05,9.29573,30
1,1102,p1,136,6.78128e-05,8.55148,30
1,1103,p1,166,7.08902e-05,9.27635,30
1,1104,p1,129,7.3693e-05,8.97767,30
1,1105,p1,122,6.63911e-05,8.17525,30
1,1106,p1,126,6.16043e-05,7.38219,30
1,1107,p1,170,6.87135e-05,8.46714,30
1,1108,p1,127,6.89138e-05,8.45328,30
1,1109,p1,129,6.73508e-05,8.1754,30
1,1110,p1,121,7.24011e-05,8.51932,30
1,1111,p1,164,7.15352e-05,9.14761,30
1,1112,p1,180,6.78642e-05,8.03141,30
1,1113,p1,105,8.48662e-05,9.31353,30
1,1114,p1,117,7.71057e-05,8.59927,30
1,1115,p1,173,7.76035e-05,8.68036,30
1,1116,p1,130,7.86837e-05,8.55013,30
1,1117,p1,111,7.77376e-05,8.24952,30
1,1118,p1,159,8.10828e-05,8.80047,30
1,1119,p1,190,7.99861e-05,8.41894,30
1,1120,p1,115,6.70435e-05,7.40636,30
1,1121,p1,125,7.84294e-05,7.65389,30
1,1122,p1,147,7.47214e-05,7.36168,30
1,1123,p1,82,6.91709e-05,7.20987,30
1,1124,p1,115,7.16159e-05,7.64533,30
1,1125,p1,155,8.23338e-05,8.09892,30
1,1126,p1,136,7.35632e-05,7.30814,30
1,1127,p1,124,8.29579e-05,8.17386,30
1,1128,p1,142,8.39023e-05,8.38993,30
1,1129,p1,147,8.97115e-05,9.12872,30
1,1130,p1,117,8.62021e-05,8.08203,30
1,1131,p1,156,8.6844e-05,8.29329,30
1,1132,p1,156,8.52702e-05,7.65288,30
1,1133,p1,108,7.67378e-05,7.26606,30
1,1134,p1,142,7.82898e-05,6.96814,30
1,1135,p1,161,8.00062e-05,7.64852,30
1,1136,p1,110,7.93264e-05,7.29275,30
1,1137,p1,100,7.5879e-05,7.32241,30
1,1138,p1,167,7.82258e-05,7.19736,30
1,1139,p1,129,9.00574e-05,7.83317,30
1,1140,p1,137,9.22963e-05,8.06422,30
1,1141,p1,129,9.34553e-05,8.08172,30
1,1142,p1,154,8.75597e-05,7.50637,30
1,1143,p1,112,9.88369e-05,8.4875,30
1,1144,p1,165,9.73032e-05,8.51753,30
1,1145,p1,121,9.2326e-05,7.36231,30
1,1146,p1,173,8.8784e-05,7.92537,30
1,1147,p1,146,9.46158e-05,8.60272,30
1,1148,p1,135,9.4008e-05,9.68181,30
1,1149,p1,136,9.66612e-05,8.92706,30
1,1150,p1,172,9.48266e-05,9.1103,30
1,1151,p1,113,9.76893e-05,9.51686,30
1,1152,p1,129,9.58161e-05,9.10976,30
1,1153,p1,146,9.42911e-05,9.19497,30
1,1154,p1,151,9.89073e-05,8.42058,30
1,1155,p1,143,9.92313e-05,9.47046,30
1,1156,p1,114,0.000102312,9.37148,30
1,1157,p1,139,0.000106071,9.43895,30
1,1158,p1,156,0.000102919,8.43406,30
1,1159,p1,136,0.000105939,9.09952,30
1,1160,p1,123,0.00010611,8.38376,30
1,1161,p1,145,0.000105872,8.13207,30
1,1162,p1,156,0.000104515,8.61737,30
1,1163,p1,155,0.000107433,8.671,30
1,1164,p1,147,0.000108646,8.26066,30
1,1165,p1,104,9.83927e-05,7.47493,30
1,1166,p1,138,9.81795e-05,7.42086,30
1,1167,p1,109,9.27502e-05,6.66451,30
1,1168,p1,165,9.22281e-05,6.26135,30
1,1169,p1,108,9.56794e-05,6.34757,30
1,1170,p1,146,8.36801e-05,6.14652,30
1,1171,p1,93,8.18095e-05,6.25573,30
1,1172,p1,133,6.37399e-05,5.20647,30
1,1173,p1,126,7.10825e-05,5.83212,30
1,1174,p1,145,7.95955e-05,5.8376,30
1,1175,p1,156,7.61125e-05,5.25306,30
1,1176,p1,147,7.48702e-05,5.61102,30
1,1177,p1,141,7.15402e-05,5.18568,30
1,1178,p1,166,6.37959e-05,4.74408,30
1,1179,p1,127,7.10986e-05,4.99601,30
1,1180,p1,144,8.36287e-05,5.14221,30
1,1181,p1,141,7.56499e-05,5.41271,30
1,1182,p1,84,8.12911e-05,5.1741,30
1,1183,p1,93,8.2132e-05,5.4634,30
1,1184,p1,153,8.03242e-05,5.56515,30
1,1185,p1,136,6.76417e-05,5.08435,30
1,1186,p1,132,7.29554e-05,5.07179,30
1,1187,p1,139,7.91147e-05,6.11811,30
1,1188,p1,124,7.76779e-05,5.41831,30
1,1189,p1,177,6.89657e-05,5.06611,30
1,1190,p1,137,7.20678e-05,5.29884,30
1,1191,p1,149,7.17959e-05,5.65943,30
1,1192,p1,130,6.49426e-05,4.8091,30
1,1193,p1,167,7.36418e-05,5.18251,30
1,1194,p1,182,6.66151e-05,4.98564,30
1,1195,p1,130,5.52722e-05,4.07673,30
1,1196,p1,139,6.24515e-05,4.59795,30
1,1197,p1,115,5.88677e-05,4.54832,30
1,1198,p1,126,6.71384e-05,5.03158,30
1,1199,p1,119,6.67209e-05,5.08405,30
1,1200,p1,138,6.97501e-05,5.43163,30
1,1201,p1,155,7.30017e-05,5.60737,30
1,1202,p1,149,7.46998e-05,5.46147,30
1,1203,p1,153,6.73256e-05,5.7336,30
1,1204,p1,110,7.12682e-05,5.95249,30
1,1205,p1,118,6.90595e-05,5.96168,30
1,1206,p1,157,7.58826e-05,5.80368,30
1,1207,p1,85,7.94865e-05,5.7488,30
1,1208,p1,120,8.3733e-05,6.20152,30
1,1209,p1,151,8.81354e-05,6.08044,30
1,1210,p1,124,9.29179e-05,6.36421,30
1,1211,p1,141,8.79423e-05,6.25256,30
1,1212,p1,143,8.7038e-05,6.91403,30
1,1213,p1,148,8.99263e-05,6.38861,30
1,1214,p1,114,8.45849e-05,6.12115,30
1,1215,p1,79,8.85932e-05,6.3213,30
1,1216,p1,131,9.95292e-05,6.22782,30
1,1217,p1,148,9.43198e-05,6.46853,30
1,1218,p1,161,9.2704e-05,6.03615,30
1,1219,p1,154,0.000101551,6.27336,30
1,1220,p1,128,0.000100597,6.50899,30
1,1221,p1,150,9.22211e-05,6.0581,30
1,1222,p1,152,9.884e-05,5.91981,30
1,1223,p1,112,0.000106808,6.07583,30
1,1224,p1,141,0.000102949,5.93744,30
1,1225,p1,157,9.32579e-05,5.90467,30
1,1226,p1,126,8.40442e-05,6.06267,30
1,1227,p1,145,9.38502e-05,6.10937,30
1,1228,p1,80,0.000102052,6.5068,30
1,1229,p1,129,0.000102488,6.49665,30
1,1230,p1,178,9.78806e-05,6.35349,30
1,1231,p1,134,0.000101135,6.78551,30
1,1232,p1,123,0.000101086,6.75329,30
1,1233,p1,146,9.3879e-05,6.6026,30
1,1234,p1,147,8.63874e-05,6.30836,30
1,1235,p1,173,9.32126e-05,6.4192,30
1,1236,p1,156,9.04855e-05,6.09939,30
1,1237,p1,189,8.94026e-05,5.94848,30
1,1238,p1,143,8.81195e-05,5.88081,30
1,1239,p1,124,8.73205e-05,5.41141,30
1,1240,p1,142,8.18444e-05,5.19792,30
1,1241,p1,179,7.88368e-05,5.06212,30
1,1242,p1,107,8.313e-05,5.244,30
1,1243,p1,155,9.03178e-05,5.41016,30
1,1244,p1,153,7.81983e-05,5.10788,30
1,1245,p1,153,7.89378e-05,5.50525,30
1,1246,p1,119,7.18392e-05,5.06384,30
1,1247,p1,98,6.29639e-05,4.42259,30
1,1248,p1,152,6.62784e-05,4.93185,30
1,1249,p1,167,7.37692e-05,5.37212,30
1,1250,p1,99,7.47546e-05,5.1821,30
1,1251,p1,156,5.49766e-05,5.28117,30
1,1252,p1,148,6.57903e-05,5.05652,30
1,1253,p1,113,6.35394e-05,4.94788,30
1,1254,p1,129,7.23902e-05,5.49599,30
1,1255,p1,130,8.5092e-05,5.53123,30
1,1256,p1,121,7.62503e-05,5.24533,30
1,1257,p1,151,7.74755e-05,5.25279,30
1,1258,p1,136,7.93334e-05,5.04695,30
1,1259,p1,153,8.80343e-05,5.42238,30
1,1260,p1,160,8.42418e-05,5.40682,30
1,1261,p1,123,8.60166e-05,5.69656,30
1,1262,p1,156,9.56388e-05,5.64582,30
1,1263,p1,126,8.88813e-05,5.67328,30
1,1264,p1,134,9.99279e-05,6.03937,30
1,1265,p1,138,0.000100679,5.73613,30
1,1266,p1,115,0.000113827,6.89179,30
1,1267,p1,143,0.000109844,6.89714,30
1,1268,p1,132,0.000111554,7.23051,30
1,1269,p1,135,0.000111131,7.33136,30
1,1270,p1,169,0.0001123,6.89031,30
1,1271,p1,112,0.000112397,7.14652,30
1,1272,p1,162,0.000111008,6.92409,30
1,1273,p1,149,0.000115381,7.06269,30
1,1274,p1,104,0.000111957,6.96925,30
1,1275,p1,155,0.000113516,6.87048,30
1,1276,p1,114,0.000110452,7.0297,30
1,1277,p1,133,0.000115118,7.5691,30
1,1278,p1,107,0.000116181,7.36881,30
1,1279,p1,183,0.000114797,7.51333,30
1,1280,p1,122,0.000116368,7.41766,30
1,1281,p1,129,0.000118384,7.3428,30
1,1282,p1,159,0.000115528,7.26443,30
1,1283,p1,121,0.00011056,7.07504,30
1,1284,p1,118,0.000116017,7.63787,30
1,1285,p1,131,0.000113033,7.19968,30
1,1286,p1,115,0.000115138,7.29456,30
1,1287,p1,147,0.000114079,7.6447,30
1,1288,p1,101,0.000109876,8.08623,30
1,1289,p1,123,0.000111733,7.85622,30
1,1290,p1,167,0.000115046,7.72958,30
1,1291,p1,117,0.000112232,8.05654,30
1,1292,p1,153,0.000113453,7.89202,30
1,1293,p1,153,0.000113583,7.96486,30
1,1294,p1,124,0.000117048,7.99034,30
1,1295,p1,150,0.000116436,7.67135,30
1,1296,p1,133,0.000116178,7.76668,30
1,1297,p1,102,0.00011706,7.56639,30
1,1298,p1,167,0.000117069,7.46297,30
1,1299,p1,70,0.000118374,7.96549,30
1,1300,p1,82,0.000116543,8.25042,30
1,1301,p1,143,0.000118302,7.99171,30
1,1302,p1,126,0.000119115,8.24582,30
1,1303,p1,150,0.000120458,8.42263,30
1,1304,p1,105,0.000119699,8.67139,30
1,1305,p1,128,0.000116263,8.98104,30
1,1306,p1,172,0.000118872,9.14318,30
1,1307,p1,136,0.000114337,9.11847,30
1,1308,p1,116,0.000116578,9.23827,30
1,1309,p1,142,0.000119143,9.21126,30
1,1310,p1,193,0.000108682,9.46141,30
1,1311,p1,133,0.000123107,9.10345,30
1,1312,p1,165,0.000120678,9.18091,30
1,1313,p1,147,0.00012446,8.92729,30
1,1314,p1,131,0.000116558,9.09542,30
1,1315,p1,129,0.00012339,9.039,30
1,1316,p1,138,0.000122656,8.90705,30
1,1317,p1,124,0.0001148,9.41508,30
1,1318,p1,108,9.8594e-05,9.95051,30
1,1319,p1,159,0.000111146,9.45775,30
1,1320,p1,153,9.52422e-05,10.0663,30
1,1321,p1,90,8.06753e-05,10.4889,30
1,1322,p1,153,8.44662e-05,10.3269,30
1,1323,p1,147,7.28821e-05,10.5224,30
1,1324,p1,148,7.11888e-05,10.5512,30
1,1325,p1,127,5.51838e-05,10.488,30
1,1326,p1,128,5.13556e-05,10.5652,30
1,1327,p1,139,5.58149e-05,10.5384,30
1,1328,p1,177,4.77521e-05,10.4863,30
1,1329,p1,138,6.04834e-05,10.5265,30
1,1330,p1,133,5.05749e-05,10.7014,30
1,1331,p1,140,6.23788e-05,10.403,30
1,1332,p1,107,5.24382e-05,10.6304,30
1,1333,p1,192,5.08267e-05,10.7875,30
1,1334,p1,112,5.57243e-05,10.6996,30
1,1335,p1,112,4.18064e-05,10.746,30
1,1336,p1,164,4.59083e-05,10.6335,30
1,1337,p1,161,6.06277e-05,10.8147,30
1,1338,p1,112,7.77495e-05,10.6248,30
1,1339,p1,133,5.27051e-05,10.7164,30
1,1340,p1,142,6.0122e-05,10.4735,30
1,1341,p1,135,6.59405e-05,10.5485,30
1,1342,p1,137,6.80913e-05,10.5304,30
1,1343,p1,100,7.05475e-05,10.2504,30
1,1344,p1,146,7.47769e-05,10.1213,30
1,1345,p1,157,7.36517e-05,10.1835,30
1,1346,p1,171,6.43386e-05,10.2652,30
1,1347,p1,70,5.8251e-05,10.1928,30
1,1348,p1,124,7.51577e-05,10.087,30
1,1349,p1,131,7.98074e-05,9.83264,30
1,1350,p1,153,8.44769e-05,9.76064,30
1,1351,p1,96,8.30431e-05,10.0104,30
1,1352,p1,156,8.6071e-05,10.0775,30
1,1353,p1,159,6.89565e-05,10.3526,30
1,1354,p1,144,7.36212e-05,10.2865,30
1,1355,p1,119,8.32808e-05,10.1004,30
1,1356,p1,80,8.39687e-05,10.0449,30
1,1357,p1,139,9.50184e-05,9.89209,30
1,1358,p1,171,9.10143e-05,10.0285,30
1,1359,p1,138,9.0429e-05,10.1114,30
1,1360,p1,136,8.58853e-05,10.09,30
1,1361,p1,146,7.62369e-05,10.2339,30
1,1362,p1,147,6.91365e-05,10.3694,30
1,1363,p1,111,3.7152e-05,10.7941,30
1,1364,p1,184,4.62837e-05,10.4252,30
1,1365,p1,136,3.8694e-05,11.0102,30
1,1366,p1,130,2.14873e-05,11.1457,30
1,1367,p1,122,3.4482e-05,10.9816,30
1,1368,p1,143,3.70964e-05,10.8865,30
1,1369,p1,110,3.19289e-05,11.0468,30
1,1370,p1,104,2.58908e-05,11.159,30
1,1371,p1,179,2.96292e-05,11.1113,30
1,1372,p1,167,4.2731e-05,10.8956,30
1,1373,p1,157,3.47308e-05,11.074,30
1,1374,p1,159,2.4397e-05,11.1768,30
1,1375,p1,112,2.67004e-05,10.8973,30
1,1376,p1,122,2.69974e-05,11.0749,30
1,1377,p1,190,3.21974e-05,11.0869,30
1,1378,p1,112,3.24809e-05,11.0691,30
1,1379,p1,144,3.11827e-05,11.1058,30
1,1380,p1,152,4.10533e-05,10.9204,30
1,1381,p1,177,3.60653e-05,10.9162,30
1,1382,p1,96,3.3756e-05,11.1452,30
1,1383,p1,125,3.41178e-05,11.2549,30
1,1384,p1,124,3.2725e-05,11.1802,30
1,1385,p1,172,2.75402e-05,11.4771,30
1,1386,p1,147,2.47531e-05,11.4362,30
1,1387,p1,151,2.97792e-05,11.3864,30
1,1388,p1,111,3.54951e-05,11.3206,30
1,1389,p1,152,3.29623e-05,11.2476,30
1,1390,p1,116,3.21288e-05,11.3327,30
1,1391,p1,135,2.92162e-05,11.4871,30
1,1392,p1,168,2.62778e-05,11.4568,30
1,1393,p1,108,2.73375e-05,11.5614,30
1,1394,p1,152,3.28811e-05,11.4233,30
1,1395,p1,102,2.43012e-05,12.0202,30
1,1396,p1,127,3.29741e-05,11.895,30
1,1397,p1,149,2.9857e-05,11.7829,30
1,1398,p1,112,2.99841e-05,11.5431,30
1,1399,p1,93,2.62811e-05,11.7138,30
1,1400,p1,172,3.26672e-05,11.897,30
1,1401,p1,141,3.16868e-05,11.6224,30
1,1402,p1,158,4.35247e-05,11.0344,30
1,1403,p1,122,3.48401e-05,11.6969,30
1,1404,p1,129,3.60627e-05,11.9108,30
1,1405,p1,135,4.04027e-05,11.6313,30
1,1406,p1,140,3.62855e-05,11.8514,30
1,1407,p1,132,3.56373e-05,11.5554,30
1,1408,p1,109,4.30065e-05,11.5308,30
1,1409,p1,142,4.00042e-05,11.5335,30
1,1410,p1,123,3.84817e-05,11.7042,30
1,1411,p1,131,3.94773e-05,11.205,30
1,1412,p1,166,3.0131e-05,11.1883,30
1,1413,p1,132,2.93411e-05,11.2195,30
1,1414,p1,137,3.36592e-05,11.5719,30
1,1415,p1,157,2.9975e-05,11.8064,30
1,1416,p1,142,2.94634e-05,11.7175,30
1,1417,p1,135,4.00859e-05,11.5751,30
1,1418,p1,139,3.24036e-05,11.8903,30
1,1419,p1,147,3.8592e-05,11.2961,30
1,1420,p1,134,3.72767e-05,11.3214,30
1,1421,p1,118,3.723e-05,11.9573,30
1,1422,p1,115,4.50053e-05,11.4365,30
1,1423,p1,132,4.57097e-05,11.3595,30
1,1424,p1,166,4.34301e-05,11.3306,30
1,1425,p1,158,4.61947e-05,11.4135,30
1,1426,p1,163,4.71672e-05,11.6742,30
1,1427,p1,105,4.92662e-05,11.5213,30
1,1428,p1,157,4.84855e-05,11.5044,30
1,1429,p1,153,5.59437e-05,11.2142,30
1,1430,p1,126,5.2933e-05,11.5708,30
1,1431,p1,167,5.28816e-05,11.4956,30
1,1432,p1,163,4.89659e-05,11.7921,30
1,1433,p1,142,5.4994e-05,11.6449,30
1,1434,p1,117,5.04719e-05,11.7323,30
1,1435,p1,167,4.77518e-05,11.7273,30
1,1436,p1,142,5.50221e-05,11.6392,30
1,1437,p1,142,4.51376e-05,11.6898,30
1,1438,p1,143,5.03653e-05,11.003,30
1,1439,p1,197,5.219e-05,11.2577,30
1,1440,p1,111,5.52609e-05,11.1854,30
1,1441,p1,141,6.01994e-05,10.7219,30
1,1442,p1,113,5.67421e-05,10.9337,30
1,1443,p1,181,5.82609e-05,11.0631,30
1,1444,p1,165,5.85106e-05,10.7676,30
1,1445,p1,108,6.17713e-05,10.8912,30
1,1446,p1,125,6.07901e-05,10.6794,30
1,1447,p1,148,6.50315e-05,10.7407,30
1,1448,p1,155,6.6569e-05,10.9067,30
1,1449,p1,138,6.62308e-05,10.4581,30
1,1450,p1,147,6.45863e-05,10.1806,30
1,1451,p1,101,6.55495e-05,10.2618,30
1,1452,p1,140,6.61765e-05,9.98853,30
1,1453,p1,174,6.56688e-05,9.79705,30
1,1454,p1,127,6.38282e-05,9.68959,30
1,1455,p1,112,6.54612e-05,9.79594,30
1,1456,p1,125,6.5207e-05,9.9783,30
1,1457,p1,131,6.68219e-05,9.98439,30
1,1458,p1,138,6.40829e-05,9.70491,30
1,1459,p1,129,6.65873e-05,9.88575,30
1,1460,p1,124,6.02751e-05,9.36635,30
1,1461,p1,107,6.01533e-05,9.52621,30
1,1462,p1,116,5.98911e-05,9.49243,30
1,1463,p1,155,6.34031e-05,9.70512,30
1,1464,p1,121,6.12332e-05,9.82234,30
1,1465,p1,126,6.2968e-05,9.82724,30
1,1466,p1,141,6.12424e-05,9.70559,30
1,1467,p1,129,6.34902e-05,9.77884,30
1,1468,p1,155,6.00056e-05,9.55819,30
1,1469,p1,134,5.96959e-05,9.62218,30
1,1470,p1,127,6.17273e-05,9.69365,30
1,1471,p1,159,6.15033e-05,9.72792,30
1,1472,p1,162,6.19564e-05,9.54267,30
1,1473,p1,112,6.35798e-05,9.68424,30
1,1474,p1,168,6.25732e-05,9.82089,30
1,1475,p1,137,6.13373e-05,9.61026,30
1,1476,p1,139,6.02709e-05,9.61526,30
1,1477,p1,127,5.92005e-05,9.48166,30
1,1478,p1,124,6.29696e-05,9.44343,30
1,1479,p1,162,6.29843e-05,9.52179,30
1,1480,p1,135,5.87073e-05,9.28511,30
1,1481,p1,138,6.05427e-05,9.27787,30
1,1482,p1,133,6.27837e-05,9.4149,30
1,1483,p1,134,6.397e-05,9.47717,30
1,1484,p1,139,6.30871e-05,9.44329,30
1,1485,p1,145,6.2825e-05,9.33709,30
1,1486,p1,169,6.42681e-05,9.47721,30
1,1487,p1,106,6.54352e-05,9.45374,30
1,1488,p1,178,6.66415e-05,9.52555,30
1,1489,p1,157,6.75125e-05,9.45166,30
1,1490,p1,146,6.02834e-05,9.19908,30
1,1491,p1,170,6.70145e-05,9.47399,30
1,1492,p1,127,6.65807e-05,9.53885,30
1,1493,p1,154,6.79879e-05,9.55179,30
1,1494,p1,117,6.01165e-05,9.35312,30
1,1495,p1,138,6.6836e-05,9.55028,30
1,1496,p1,102,6.85376e-05,9.66973,30
1,1497,p1,145,7.07786e-05,9.77121,30
1,1498,p1,133,6.74572e-05,9.64272,30
1,1499,p1,139,6.49221e-05,9.49532,30
1,1500,p1,133,6.9978e-05,9.75937,30
1,1501,p1,155,6.9287e-05,9.73196,30
1,1502,p1,166,6.82343e-05,9.51793,30
1,1503,p1,131,6.8415e-05,9.65535,30
1,1504,p1,120,5.3326e-05,9.26168,30
1,1505,p1,178,5.09158e-05,9.50976,30
1,1506,p1,74,5.88577e-05,9.11163,30
1,1507,p1,99,6.5375e-05,9.22465,30
1,1508,p1,140,6.63872e-05,9.38403,30
1,1509,p1,174,6.61938e-05,9.48367,30
1,1510,p1,130,7.06536e-05,9.32351,30
1,1511,p1,112,7.10061e-05,9.48117,30
1,1512,p1,131,6.70389e-05,9.58146,30
1,1513,p1,176,7.31607e-05,9.70462,30
1,1514,p1,116,7.53341e-05,9.53136,30
1,1515,p1,95,7.52665e-05,9.4856,30
1,1516,p1,138,7.49136e-05,9.51522,30
1,1517,p1,163,7.50474e-05,9.55902,30
1,1518,p1,115,7.59319e-05,9.75791,30
1,1519,p1,176,7.63654e-05,9.79923,30
1,1520,p1,90,7.70525e-05,9.80109,30
1,1521,p1,109,7.84223e-05,9.86789,30
1,1522,p1,165,7.94198e-05,9.62894,30
1,1523,p1,169,7.53153e-05,9.49154,30
1,1524,p1,69,7.78387e-05,9.33101,30
1,1525,p1,112,8.00371e-05,9.57641,30
1,1526,p1,182,7.50809e-05,9.34959,30
1,1527,p1,139,7.83365e-05,9.52824,30
1,1528,p1,154,7.59844e-05,9.20783,30
1,1529,p1,82,7.78279e-05,9.06423,30
1,1530,p1,102,7.50019e-05,8.75776,30
1,1531,p1,155,7.6127e-05,8.97458,30
1,1532,p1,121,7.82276e-05,9.47242,30
1,1533,p1,131,7.37294e-05,9.32848,30
1,1534,p1,107,7.50546e-05,9.56097,30
1,1535,p1,151,7.25339e-05,9.54884,30
1,1536,p1,167,7.88374e-05,9.65888,30
1,1537,p1,137,7.07488e-05,9.40706,30
1,1538,p1,120,6.27483e-05,9.43723,30
1,1539,p1,115,6.61047e-05,9.58586,30
1,1540,p1,128,6.11328e-05,9.42918,30
1,1541,p1,147,6.68506e-05,9.3467,30
1,1542,p1,115,6.22582e-05,9.05267,30
1,1543,p1,132,6.7508e-05,9.2165,30
1,1544,p1,127,6.36831e-05,9.31686,30
1,1545,p1,188,6.93055e-05,9.1074,30
1,1546,p1,172,6.66053e-05,8.99787,30
1,1547,p1,82,6.87158e-05,8.99078,30
1,1548,p1,106,6.68801e-05,8.89498,30
1,1549,p1,143,6.77483e-05,9.06269,30
1,1550,p1,168,6.80409e-05,9.1032,30
1,1551,p1,78,7.39061e-05,9.02799,30
1,1552,p1,136,8.15301e-05,8.9854,30
1,1553,p1,142,8.8076e-05,9.28196,30
1,1554,p1,157,8.44909e-05,9.2116,30
1,1555,p1,158,8.3913e-05,9.25284,30
1,1556,p1,135,8.47693e-05,9.36625,30
1,1557,p1,123,7.02912e-05,9.05853,30
1,1558,p1,106,7.88853e-05,9.58457,30
1,1559,p1,147,8.31114e-05,9.46817,30
1,1560,p1,189,8.00494e-05,9.20626,30
1,1561,p1,108,8.48667e-05,9.15664,30
1,1562,p1,141,8.57842e-05,9.24333,30
1,1563,p1,150,8.54467e-05,9.25414,30
1,1564,p1,161,8.4848e-05,9.15214,30
1,1565,p1,95,8.76227e-05,9.15167,30
1,1566,p1,99,8.66121e-05,9.21785,30
1,1567,p1,127,9.18566e-05,9.11595,30
1,1568,p1,183,9.08231e-05,9.48614,30
1,1569,p1,137,9.35268e-05,9.51388,30
1,1570,p1,130,9.50843e-05,9.49626,30
1,1571,p1,133,8.90293e-05,9.3518,30
1,1572,p1,116,9.57134e-05,9.41513,30
1,1573,p1,137,9.39789e-05,9.58867,30
1,1574,p1,151,8.94777e-05,9.53153,30
1,1575,p1,150,9.56116e-05,9.96464,30
1,1576,p1,104,0.000100576,9.75171,30
1,1577,p1,153,9.97356e-05,9.7875,30
1,1578,p1,114,9.7398e-05,9.79998,30
1,1579,p1,144,9.78014e-05,9.76402,30
1,1580,p1,120,9.71441e-05,9.85944,30
1,1581,p1,126,9.69655e-05,9.87373,30
1,1582,p1,111,9.64248e-05,10.0946,30
1,1583,p1,150,9.27362e-05,9.86542,30
1,1584,p1,117,8.60468e-05,9.95034,30
1,1585,p1,147,8.81693e-05,9.85283,30
1,1586,p1,182,9.40644e-05,10.0107,30
1,1587,p1,126,0.000102199,10.0752,30
1,1588,p1,106,0.000102395,9.94269,30
1,1589,p1,125,0.000103049,9.89284,30
1,1590,p1,162,0.000104409,10.2501,30
1,1591,p1,131,0.000104447,10.1237,30
1,1592,p1,166,0.000106574,10.2671,30
1,1593,p1,128,0.000103186,10.1095,30
1,1594,p1,128,9.89255e-05,10.1,30
1,1595,p1,169,0.000102074,10.1907,30
1,1596,p1,167,8.97824e-05,9.86127,30
1,1597,p1,147,9.2822e-05,10.2128,30
1,1598,p1,143,9.80459e-05,10.2899,30
1,1599,p1,152,0.000104128,10.6199,30
1,1600,p1,149,0.000102851,10.5788,30
1,1601,p1,141,0.000100998,10.6303,30
1,1602,p1,124,0.000102897,10.7228,30
1,1603,p1,99,0.000100698,10.5887,30
1,1604,p1,150,0.00010713,10.8522,30
1,1605,p1,157,0.000107581,11.0994,30
1,1606,p1,106,9.85707e-05,10.4714,30
1,1607,p1,107,9.84763e-05,10.7464,30
1,1608,p1,170,0.000103416,10.6698,30
1,1609,p1,147,0.000104977,10.6979,30
1,1610,p1,103,0.000108262,10.9455,30
1,1611,p1,126,0.000100655,10.6427,30
1,1612,p1,152,9.87916e-05,10.4813,30
1,1613,p1,157,0.000101682,10.5995,30
1,1614,p1,129,9.27432e-05,10.3326,30
1,1615,p1,103,9.5287e-05,9.94597,30
1,1616,p1,131,9.01652e-05,10.2092,30
1,1617,p1,95,9.23789e-05,10.0441,30
1,1618,p1,143,9.98413e-05,9.84516,30
1,1619,p1,158,9.90004e-05,9.77434,30
1,1620,p1,117,0.000106147,9.9511,30
1,1621,p1,103,0.000104162,9.9985,30
1,1622,p1,138,9.95474e-05,9.98383,30
1,1623,p1,147,0.000105258,9.8425,30
1,1624,p1,114,0.000100277,9.98374,30
1,1625,p1,167,0.000101432,9.79975,30
1,1626,p1,110,0.000108365,9.78669,30
1,1627,p1,94,0.000109249,9.80402,30
1,1628,p1,117,0.000111565,9.87284,30
1,1629,p1,157,0.000112524,9.73193,30
1,1630,p1,111,0.000109325,9.57719,30
1,1631,p1,172,0.000114036,9.74057,30
1,1632,p1,146,0.000113428,9.81208,30
1,1633,p1,109,0.000114339,9.57148,30
1,1634,p1,160,0.000114768,9.7831,30
1,1635,p1,146,0.000115191,9.8262,30
1,1636,p1,129,0.000115688,9.64811,30
1,1637,p1,119,0.000113673,9.89759,30
1,1638,p1,134,0.000114412,9.65922,30
1,1639,p1,121,0.000115802,9.80747,30
1,1640,p1,145,0.000117005,9.66226,30
1,1641,p1,150,0.000112439,9.53001,30
1,1642,p1,152,0.000112426,9.54834,30
1,1643,p1,167,0.00011746,9.65241,30
1,1644,p1,179,0.000117205,9.57826,30
1,1645,p1,123,0.000116429,9.22014,30
1,1646,p1,130,0.000116104,9.20853,30
1,1647,p1,140,0.000113211,9.52803,30
1,1648,p1,142,0.000114681,9.64625,30
1,1649,p1,131,0.000116542,9.66188,30
1,1650,p1,121,0.000112735,9.46974,30
1,1651,p1,127,0.000108653,9.41039,30
1,1652,p1,123,0.000108537,9.44556,30
1,1653,p1,133,0.000110109,8.94725,30
1,1654,p1,114,0.000106387,9.35865,30
1,1655,p1,125,0.000103831,9.19289,30
1,1656,p1,180,0.0001146,9.01067,30
1,1657,p1,141,0.00011078,8.97918,30
1,1658,p1,131,0.000104356,9.26125,30
1,1659,p1,78,0.000105841,8.92757,30
1,1660,p1,131,0.000109523,8.87046,30
1,1661,p1,153,0.0001084,8.9643,30
1,1662,p1,113,0.000117412,8.75701,30
1,1663,p1,156,0.000100763,8.95895,30
1,1664,p1,138,8.81264e-05,9.05958,30
1,1665,p1,105,9.89823e-05,8.87514,30
1,1666,p1,139,9.62851e-05,9.02963,30
1,1667,p1,127,9.95121e-05,8.79148,30
1,1668,p1,122,8.50591e-05,9.00426,30
1,1669,p1,177,9.00249e-05,8.82149,30
1,1670,p1,125,9.34211e-05,9.06627,30
1,1671,p1,144,8.24908e-05,9.09959,30
1,1672,p1,99,9.78273e-05,8.7861,30
1,1673,p1,136,8.04239e-05,9.23921,30
1,1674,p1,145,8.63655e-05,9.28592,30
1,1675,p1,111,9.7964e-05,8.90951,30
1,1676,p1,134,8.09994e-05,9.38396,30
1,1677,p1,154,7.61241e-05,9.68945,30
1,1678,p1,128,5.84149e-05,9.52421,30
1,1679,p1,150,6.60096e-05,9.42617,30
1,1680,p1,149,6.41201e-05,9.59622,30
1,1681,p1,123,5.96216e-05,9.58643,30
1,1682,p1,160,7.01119e-05,9.55965,30
1,1683,p1,128,7.38586e-05,9.60196,30
1,1684,p1,136,7.1453e-05,9.49592,30
1,1685,p1,152,7.57934e-05,9.31351,30
1,1686,p1,73,8.7295e-05,9.35453,30
1,1687,p1,120,8.81781e-05,9.17057,30
1,1688,p1,130,7.60284e-05,9.1427,30
1,1689,p1,133,7.79874e-05,9.09594,30
1,1690,p1,120,8.68469e-05,8.91252,30
1,1691,p1,132,8.50935e-05,9.11951,30
1,1692,p1,144,7.99173e-05,9.02951,30
1,1693,p1,146,8.94694e-05,8.8846,30
1,1694,p1,129,9.37348e-05,8.79654,30
1,1695,p1,141,7.65002e-05,9.04664,30
1,1696,p1,165,8.18981e-05,8.82131,30
1,1697,p1,113,8.73256e-05,8.91555,30
1,1698,p1,136,8.75684e-05,8.6513,30
1,1699,p1,128,7.99069e-05,8.67471,30
1,1700,p1,107,8.78837e-05,8.72874,30
1,1701,p1,141,8.29634e-05,8.5381,30
1,1702,p1,136,0.000101239,8.40003,30
1,1703,p1,106,0.00010241,7.61218,30
1,1704,p1,129,9.82056e-05,8.61134,30
1,1705,p1,150,0.000102874,8.59058,30
1,1706,p1,128,0.000104464,8.02363,30
1,1707,p1,96,0.000111088,8.15549,30
1,1708,p1,101,0.000106631,8.12384,30
1,1709,p1,164,0.00011,8.19492,30
1,1710,p1,126,0.000104204,8.5511,30
1,1711,p1,122,0.000112705,8.296,30
1,1712,p1,129,0.000111483,7.82969,30
1,1713,p1,106,0.000115267,7.84616,30
1,1714,p1,160,0.000114353,7.56066,30
1,1715,p1,179,0.000121904,7.78775,30
1,1716,p1,135,0.000124289,7.98994,30
1,1717,p1,126,0.000125682,7.43118,30
1,1718,p1,139,0.000108333,7.37371,30
1,1719,p1,148,0.000112592,7.32823,30
1,1720,p1,111,0.000117598,8.11212,30
1,1721,p1,141,0.00011182,7.25097,30
1,1722,p1,191,0.000105225,7.22198,30
1,1723,p1,138,9.94418e-05,7.43592,30
1,1724,p1,136,9.73992e-05,7.42655,30
1,1725,p1,132,8.80197e-05,7.66089,30
1,1726,p1,137,9.6389e-05,7.62272,30
1,1727,p1,172,9.1247e-05,7.91959,30
1,1728,p1,160,9.4467e-05,7.79797,30
1,1729,p1,98,8.41394e-05,8.0411,30
1,1730,p1,114,8.71687e-05,7.94999,30
1,1731,p1,166,8.43355e-05,7.99692,30
1,1732,p1,150,8.74947e-05,8.2587,30
1,1733,p1,137,0.000100114,8.37878,30
1,1734,p1,130,9.05027e-05,8.59999,30
1,1735,p1,114,9.07933e-05,8.26899,30
1,1736,p1,145,9.50756e-05,8.19511,30
1,1737,p1,96,9.66536e-05,8.29652,30
1,1738,p1,113,8.41566e-05,8.37409,30
1,1739,p1,169,8.47159e-05,7.97509,30
1,1740,p1,151,8.12085e-05,8.5178,30
1,1741,p1,115,8.14386e-05,8.92102,30
1,1742,p1,143,8.36449e-05,8.64809,30
1,1743,p1,122,6.41864e-05,8.58022,30
1,1744,p1,134,8.40878e-05,8.65216,30
1,1745,p1,129,8.33634e-05,9.02959,30
1,1746,p1,160,8.08949e-05,8.8749,30
1,1747,p1,129,8.70768e-05,8.94513,30
1,1748,p1,101,7.52867e-05,9.12097,30
1,1749,p1,196,7.2076e-05,9.21406,30
1,1750,p1,139,7.39224e-05,9.10675,30
1,1751,p1,97,7.63806e-05,9.41246,30
1,1752,p1,109,7.5763e-05,9.07179,30
1,1753,p1,147,7.2816e-05,9.01973,30
1,1754,p1,156,7.38566e-05,9.2017,30
1,1755,p1,131,7.67988e-05,9.08597,30
1,1756,p1,143,7.19668e-05,8.80791,30
1,1757,p1,146,7.6186e-05,9.34255,30
1,1758,p1,126,7.45052e-05,9.2547,30
1,1759,p1,128,7.62601e-05,8.53299,30
1,1760,p1,125,7.07971e-05,8.52976,30
1,1761,p1,147,7.60845e-05,8.79676,30
1,1762,p1,169,7.74404e-05,9.18111,30
1,1763,p1,106,7.11864e-05,8.7051,30
1,1764,p1,143,7.09587e-05,9.16248,30
1,1765,p1,139,7.41553e-05,9.5963,30
1,1766,p1,123,7.48103e-05,9.39004,30
1,1767,p1,138,7.00798e-05,10.1997,30
1,1768,p1,161,7.3479e-05,10.5053,30
1,1769,p1,179,7.5541e-05,10.2475,30
1,1770,p1,171,7.6599e-05,10.5067,30
1,1771,p1,134,7.40246e-05,10.2804,30
1,1772,p1,134,7.44918e-05,9.75973,30
1,1773,p1,167,7.17584e-05,9.69389,30
1,1774,p1,194,7.43191e-05,8.67702,30
1,1775,p1,128,7.8168e-05,9.33582,30
1,1776,p1,159,7.37959e-05,8.69248,30
1,1777,p1,136,7.12343e-05,8.57217,30
1,1778,p1,180,7.26395e-05,8.91015,30
1,1779,p1,82,7.0838e-05,8.39294,30
1,1780,p1,126,7.03924e-05,8.3454,30
1,1781,p1,157,6.6152e-05,8.1104,30
1,1782,p1,148,6.23455e-05,8.55804,30
1,1783,p1,136,6.76011e-05,8.55135,30
1,1784,p1,126,7.08696e-05,8.57394,30
1,1785,p1,153,6.72487e-05,8.72121,30
1,1786,p1,117,6.66773e-05,9.04189,30
1,1787,p1,139,6.68607e-05,8.6586,30
1,1788,p1,167,6.08998e-05,8.41485,30
1,1789,p1,177,6.04635e-05,8.51328,30
1,1790,p1,123,6.93622e-05,9.12771,30
1,1791,p1,120,7.01455e-05,9.14162,30
1,1792,p1,166,7.58847e-05,8.90446,30
1,1793,p1,135,7.56905e-05,8.79614,30
1,1794,p1,171,7.1061e-05,9.04606,30
1,1795,p1,137,7.40279e-05,9.26144,30
1,1796,p1,139,7.34077e-05,9.25277,30
1,1797,p1,111,7.95244e-05,9.75716,30
1,1798,p1,171,7.68021e-05,9.31663,30
1,1799,p1,94,7.10502e-05,9.12867,30
1,1800,p1,113,7.38218e-05,9.14378,30
1,1801,p1,151,7.40465e-05,9.40004,30
1,1802,p1,181,7.50346e-05,9.40596,30
1,1803,p1,138,7.47818e-05,9.24471,30
1,1804,p1,134,7.61319e-05,9.06562,30
1,1805,p1,104,7.87847e-05,9.7148,30
1,1806,p1,159,8.11307e-05,9.72288,30
1,1807,p1,117,7.54536e-05,9.58273,30
1,1808,p1,150,7.84062e-05,9.80684,30
1,1809,p1,140,7.82352e-05,9.98734,30
1,1810,p1,145,7.69394e-05,9.66702,30
1,1811,p1,114,7.90451e-05,10.4878,30
1,1812,p1,127,7.43567e-05,10.2471,30
1,1813,p1,155,7.35929e-05,10.2519,30
1,1814,p1,107,7.48078e-05,10.8176,30
1,1815,p1,133,7.23766e-05,10.4591,30
1,1816,p1,161,6.53162e-05,9.91883,30
1,1817,p1,89,7.03554e-05,10.276,30
1,1818,p1,135,6.84598e-05,9.9354,30
1,1819,p1,178,7.38988e-05,10.5405,30
1,1820,p1,126,7.26379e-05,9.96027,30
1,1821,p1,85,8.00152e-05,10.5414,30
1,1822,p1,129,7.46989e-05,10.3909,30
1,1823,p1,123,7.68481e-05,10.4074,30
1,1824,p1,133,7.74962e-05,10.6094,30
1,1825,p1,138,8.14787e-05,10.4617,30
1,1826,p1,162,8.04407e-05,10.5426,30
1,1827,p1,111,8.28167e-05,10.5474,30
1,1828,p1,161,8.36812e-05,10.6528,30
1,1829,p1,167,8.06917e-05,10.7897,30
1,1830,p1,63,8.00441e-05,10.7533,30
1,1831,p1,103,8.18136e-05,10.992,30
1,1832,p1,185,8.24441e-05,11.3025,30
1,1833,p1,130,8.38115e-05,10.8531,30
1,1834,p1,140,7.8988e-05,10.6175,30
1,1835,p1,126,7.90196e-05,10.5295,30
1,1836,p1,137,7.14649e-05,10.3448,30
1,1837,p1,86,7.31497e-05,10.3054,30
1,1838,p1,156,7.21573e-05,10.0557,30
1,1839,p1,105,8.10159e-05,9.74431,30
1,1840,p1,134,7.97023e-05,10.1031,30
1,1841,p1,82,7.51108e-05,10.0318,30
1,1842,p1,94,7.2822e-05,9.93256,30
1,1843,p1,121,7.5488e-05,9.74601,30
1,1844,p1,126,7.82889e-05,10.004,30
1,1845,p1,139,7.61909e-05,9.79908,30
1,1846,p1,161,7.60661e-05,10.0403,30
1,1847,p1,117,6.83859e-05,10.1878,30
1,1848,p1,76,7.0902e-05,10.238,30
1,1849,p1,169,7.35186e-05,9.9532,30
1,1850,p1,164,7.34691e-05,9.88935,30
1,1851,p1,105,7.6244e-05,9.92104,30
1,1852,p1,121,7.79298e-05,9.64389,30
1,1853,p1,141,7.89231e-05,9.32428,30
1,1854,p1,138,7.75606e-05,9.27504,30
1,1855,p1,109,7.34387e-05,9.52473,30
1,1856,p1,124,7.79761e-05,9.36712,30
1,1857,p1,147,8.0422e-05,9.39022,30
1,1858,p1,147,8.01765e-05,9.51034,30
1,1859,p1,120,7.77802e-05,9.53171,30
1,1860,p1,142,7.73316e-05,9.24104,30
1,1861,p1,123,7.4571e-05,9.55985,30
1,1862,p1,108,7.50995e-05,9.47344,30
1,1863,p1,118,7.47336e-05,8.79337,30
1,1864,p1,102,7.40494e-05,9.01752,30
1,1865,p1,121,7.46564e-05,8.92665,30
1,1866,p1,159,7.6088e-05,9.15735,30
1,1867,p1,164,7.60305e-05,8.81755,30
1,1868,p1,142,7.53298e-05,8.27999,30
1,1869,p1,114,7.28051e-05,8.36317,30
1,1870,p1,122,7.60128e-05,8.43423,30
1,1871,p1,128,7.44925e-05,8.18936,30
1,1872,p1,88,7.4386e-05,7.97083,30
1,1873,p1,93,6.93034e-05,8.23253,30
1,1874,p1,172,7.02118e-05,8.02275,30
1,1875,p1,114,7.35118e-05,7.8927,30
1,1876,p1,125,7.32995e-05,7.997,30
1,1877,p1,152,7.15599e-05,7.94995,30
1,1878,p1,106,6.89169e-05,7.94436,30
1,1879,p1,126,7.49521e-05,7.97194,30
1,1880,p1,120,7.20135e-05,8.19307,30
1,1881,p1,161,7.12853e-05,7.77962,30
1,1882,p1,123,6.84355e-05,7.90616,30
1,1883,p1,109,7.29459e-05,8.21444,30
1,1884,p1,171,7.25153e-05,7.92271,30
1,1885,p1,127,7.30904e-05,8.2658,30
1,1886,p1,135,6.37182e-05,7.92418,30
1,1887,p1,199,6.83268e-05,8.00471,30
1,1888,p1,90,6.76407e-05,8.12612,30
1,1889,p1,116,7.15499e-05,8.48186,30
1,1890,p1,123,7.23759e-05,8.31845,30
1,1891,p1,94,7.34874e-05,8.77417,30
1,1892,p1,132,7.1048e-05,8.49043,30
1,1893,p1,112,6.93363e-05,8.614,30
1,1894,p1,120,6.66719e-05,8.30375,30
1,1895,p1,169,6.85204e-05,8.39065,30
1,1896,p1,140,6.82069e-05,8.71351,30
1,1897,p1,130,6.75979e-05,8.40208,30
1,1898,p1,104,6.41573e-05,8.26648,30
1,1899,p1,153,6.61207e-05,8.32326,30
1,1900,p1,148,6.3708e-05,8.41407,30
1,1901,p1,95,6.51269e-05,8.35646,30
1,1902,p1,135,6.75506e-05,8.63094,30
1,1903,p1,113,7.14735e-05,8.77258,30
1,1904,p1,149,7.13551e-05,8.54538,30
1,1905,p1,120,7.34521e-05,8.6303,30
1,1906,p1,93,6.97503e-05,8.39634,30
1,1907,p1,121,7.29858e-05,8.53954,30
1,1908,p1,166,7.24378e-05,8.54768,30
1,1909,p1,124,7.3842e-05,8.89628,30
1,1910,p1,128,7.54382e-05,8.61341,30
1,1911,p1,178,7.58618e-05,8.76293,30
1,1912,p1,141,7.52782e-05,9.35178,30
1,1913,p1,136,7.44107e-05,8.95949,30
1,1914,p1,136,7.52925e-05,8.95418,30
1,1915,p1,173,7.69775e-05,8.74928,30
1,1916,p1,140,7.57015e-05,8.99137,30
1,1917,p1,109,7.66265e-05,9.16431,30
1,1918,p1,169,7.51127e-05,8.81832,30
1,1919,p1,137,7.12896e-05,8.16752,30
1,1920,p1,108,7.17554e-05,8.59124,30
1,1921,p1,149,7.10234e-05,8.09669,30
1,1922,p1,124,7.23273e-05,8.31955,30
1,1923,p1,139,7.37992e-05,8.53569,30
1,1924,p1,144,6.4041e-05,7.63406,30
1,1925,p1,146,6.97363e-05,8.15025,30
1,1926,p1,150,7.08504e-05,7.95521,30
1,1927,p1,106,6.29913e-05,8.00393,30
1,1928,p1,129,7.15903e-05,8.28668,30
1,1929,p1,165,6.84022e-05,8.0392,30
1,1930,p1,123,6.4307e-05,7.88445,30
1,1931,p1,123,6.55658e-05,7.77421,30
1,1932,p1,137,6.77388e-05,7.8884,30
1,1933,p1,136,6.58321e-05,7.78423,30
1,1934,p1,111,6.33041e-05,7.29962,30
1,1935,p1,173,6.5845e-05,7.57209,30
1,1936,p1,122,6.00363e-05,7.63388,30
1,1937,p1,147,6.38491e-05,7.6666,30
1,1938,p1,165,6.52086e-05,7.75428,30
1,1939,p1,149,6.34926e-05,7.63566,30
1,1940,p1,136,7.39476e-05,8.26003,30
1,1941,p1,129,6.7014e-05,8.00767,30
1,1942,p1,118,7.93156e-05,8.38525,30
1,1943,p1,132,8.11725e-05,8.82833,30
1,1944,p1,80,7.83352e-05,8.40261,30
1,1945,p1,112,8.78603e-05,8.67576,30
1,1946,p1,150,8.95396e-05,9.08111,30
1,1947,p1,106,8.95933e-05,8.59167,30
1,1948,p1,112,9.24466e-05,8.88775,30
1,1949,p1,132,9.40702e-05,9.46485,30
1,1950,p1,115,9.81535e-05,9.37715,30
1,1951,p1,115,0.000100988,9.76607,30
1,1952,p1,120,9.63722e-05,9.20357,30
1,1953,p1,149,0.000101216,10.2505,30
1,1954,p1,122,9.8492e-05,10.5662,30
1,1955,p1,144,9.76264e-05,10.5705,30
1,1956,p1,151,0.000101317,10.0742,30
1,1957,p1,174,9.78559e-05,10.0452,30
1,1958,p1,145,9.64999e-05,9.94573,30
1,1959,p1,120,9.83292e-05,9.9834,30
1,1960,p1,150,9.72798e-05,10.1436,30
1,1961,p1,165,9.66839e-05,10.355,30
1,1962,p1,124,8.92335e-05,9.6602,30
1,1963,p1,133,9.0234e-05,9.91621,30
1,1964,p1,150,9.23238e-05,9.21571,30
1,1965,p1,158,8.72833e-05,9.03582,30
1,1966,p1,117,7.75371e-05,9.1605,30
1,1967,p1,149,7.53549e-05,8.90704,30
1,1968,p1,148,6.39221e-05,8.76897,30
1,1969,p1,185,6.86706e-05,9.13126,30
1,1970,p1,135,8.3163e-05,8.96331,30
1,1971,p1,130,6.98186e-05,8.47759,30
1,1972,p1,140,6.63061e-05,8.03413,30
1,1973,p1,143,6.33694e-05,8.71537,30
1,1974,p1,150,7.47424e-05,8.9761,30
1,1975,p1,177,8.07257e-05,9.4081,30
1,1976,p1,153,7.94363e-05,9.06079,30
1,1977,p1,141,8.45129e-05,9.99001,30
1,1978,p1,163,6.96387e-05,9.87771,30
1,1979,p1,142,8.43456e-05,9.99842,30
1,1980,p1,128,7.52585e-05,10.1588,30
1,1981,p1,136,7.18566e-05,10.3444,30
1,1982,p1,191,7.22188e-05,10.1892,30
1,1983,p1,134,7.84777e-05,10.5458,30
1,1984,p1,119,6.33917e-05,10.0196,30
1,1985,p1,132,5.60706e-05,9.95918,30
1,1986,p1,70,4.09071e-05,9.23904,30
1,1987,p1,92,4.40129e-05,10.159,30
1,1988,p1,223,4.13341e-05,10.0258,30
1,1989,p1,85,4.13599e-05,10.3553,30
1,1990,p1,130,5.88287e-05,11.1408,30
1,1991,p1,99,5.14101e-05,11.0058,30
1,1992,p1,153,3.89325e-05,11.4617,30
1,1993,p1,103,4.01433e-05,11.2901,30
1,1994,p1,153,4.378e-05,11.2863,30
1,1995,p1,139,4.25379e-05,10.8651,30
1,1996,p1,100,4.7252e-05,10.6653,30
1,1997,p1,130,4.31962e-05,11.0002,30
1,1998,p1,143,5.02042e-05,10.7469,30
1,1999,p1,161,4.26181e-05,10.9891,30
1,2000,p1,142,4.61057e-05,11.3225,30
1,2001,p1,120,4.76851e-05,10.9938,30
1,2002,p1,144,4.34083e-05,10.9832,30
1,2003,p1,118,5.10374e-05,10.5824,30
1,2004,p1,187,5.98836e-05,11.3013,30
1,2005,p1,156,4.12366e-05,10.9697,30
1,2006,p1,89,3.44919e-05,11.3181,30
1,2007,p1,84,4.54181e-05,10.7263,30
1,2008,p1,160,3.92391e-05,10.5311,30
1,2009,p1,145,4.21234e-05,10.8042,30
1,2010,p1,112,3.74916e-05,10.8413,30
1,2011,p1,153,3.71893e-05,11.0331,30
1,2012,p1,140,4.20597e-05,11.1357,30
1,2013,p1,153,4.58734e-05,10.612,30
1,2014,p1,131,5.34407e-05,11.0483,30
1,2015,p1,127,4.67019e-05,10.4931,30
1,2016,p1,135,3.79646e-05,11.0514,30
1,2017,p1,128,3.11938e-05,11.7396,30
1,2018,p1,117,2.84659e-05,11.951,30
1,2019,p1,146,3.07987e-05,11.4405,30
1,2020,p1,174,3.5111e-05,10.4725,30
1,2021,p1,116,3.53526e-05,10.6824,30
1,2022,p1,116,3.45939e-05,11.3213,30
1,2023,p1,155,4.1878e-05,11.2217,30
1,2024,p1,98,3.96392e-05,10.8237,30
1,2025,p1,134,3.80681e-05,11.243,30
1,2026,p1,168,3.77749e-05,10.7443,30
1,2027,p1,103,3.7521e-05,11.6585,30
1,2028,p1,139,3.70522e-05,11.9091,30
1,2029,p1,137,3.65933e-05,11.9738,30
1,2030,p1,106,4.14075e-05,11.6935,30
1,2031,p1,152,3.95064e-05,11.4756,30
1,2032,p1,136,3.31053e-05,12.412,30
1,2033,p1,128,3.4595e-05,11.7945,30
1,2034,p1,149,3.72215e-05,12.0115,30
1,2035,p1,156,3.33481e-05,12.164,30
1,2036,p1,140,3.71791e-05,10.6986,30
1,2037,p1,95,3.00044e-05,12.217,30
1,2038,p1,113,3.17292e-05,12.0011,30
1,2039,p1,157,3.10639e-05,11.8577,30
1,2040,p1,94,3.09212e-05,12.4404,30
1,2041,p1,136,3.24143e-05,11.6638,30
1,2042,p1,103,2.97879e-05,11.5385,30
1,2043,p1,140,3.09171e-05,11.8003,30
1,2044,p1,133,3.24049e-05,11.1554,30
1,2045,p1,116,3.0431e-05,11.3965,30
1,2046,p1,150,3.13811e-05,11.3048,30
1,2047,p1,127,3.16542e-05,10.867,30
1,2048,p1,157,3.10236e-05,11.1662,30
1,2049,p1,102,3.33958e-05,10.8126,30
1,2050,p1,143,3.48281e-05,10.6514,30
1,2051,p1,148,3.06239e-05,11.5116,30
1,2052,p1,114,3.3014e-05,11.2075,30
1,2053,p1,113,3.24027e-05,10.9572,30
1,2054,p1,125,3.20653e-05,11.0307,30
1,2055,p1,139,3.5544e-05,10.9915,30
1,2056,p1,135,3.55081e-05,11.0781,30
1,2057,p1,133,3.77548e-05,10.313,30
1,2058,p1,136,3.64957e-05,10.5357,30
1,2059,p1,118,3.68156e-05,11.093,30
1,2060,p1,100,3.7458e-05,10.5786,30
1,2061,p1,134,3.50117e-05,11.0533,30
1,2062,p1,143,3.72466e-05,11.8219,30
1,2063,p1,154,4.03504e-05,10.9741,30
1,2064,p1,144,4.1427e-05,10.1149,30
1,2065,p1,151,4.06449e-05,10.8191,30
1,2066,p1,102,3.96924e-05,10.9475,30
1,2067,p1,164,3.93611e-05,11.0854,30
1,2068,p1,183,3.77158e-05,11.6524,30
1,2069,p1,113,3.89694e-05,10.8189,30
1,2070,p1,92,3.94943e-05,10.8492,30
1,2071,p1,153,4.21065e-05,11.137,30
1,2072,p1,92,3.65832e-05,11.2759,30
1,2073,p1,115,4.08839e-05,10.6972,30
1,2074,p1,208,3.95644e-05,11.404,30
1,2075,p1,150,4.34407e-05,11.23,30
1,2076,p1,135,4.35092e-05,10.4887,30
1,2077,p1,148,3.93346e-05,11.421,30
1,2078,p1,166,3.83074e-05,12.345,30
1,2079,p1,151,3.58033e-05,12.8691,30
1,2080,p1,131,3.67793e-05,11.895,30
1,2081,p1,117,3.91048e-05,11.8098,30
1,2082,p1,130,3.90544e-05,11.9183,30
1,2083,p1,146,4.06296e-05,11.5563,30
1,2084,p1,111,3.76532e-05,10.7773,30
1,2085,p1,124,3.86531e-05,10.9647,30
1,2086,p1,133,3.93869e-05,11.6126,30
1,2087,p1,166,4.15648e-05,11.008,30
1,2088,p1,93,3.69621e-05,11.3515,30
1,2089,p1,115,4.15316e-05,12.2344,30
1,2090,p1,147,4.31954e-05,11.5401,30
1,2091,p1,131,4.49901e-05,12.1629,30
1,2092,p1,130,4.55654e-05,11.9876,30
1,2093,p1,151,4.52436e-05,12.265,30
1,2094,p1,114,4.72095e-05,11.4661,30
1,2095,p1,134,4.57594e-05,11.9505,30
1,2096,p1,159,4.57802e-05,12.0431,30
1,2097,p1,118,4.93795e-05,11.1695,30
1,2098,p1,116,4.6451e-05,12.149,30
1,2099,p1,115,4.30265e-05,11.966,30
1,2100,p1,104,4.44772e-05,10.9944,30
1,2101,p1,224,4.56693e-05,10.3789,30
1,2102,p1,101,4.86305e-05,10.24,30
1,2103,p1,125,5.11917e-05,10.3943,30
1,2104,p1,124,4.61853e-05,9.22245,30
1,2105,p1,168,4.54262e-05,10.2576,30
1,2106,p1,77,4.24886e-05,10.3572,30
1,2107,p1,142,4.3571e-05,10.333,30
1,2108,p1,129,4.15624e-05,11.0819,30
1,2109,p1,132,4.06824e-05,9.84573,30
1,2110,p1,118,4.0381e-05,9.84618,30
1,2111,p1,139,4.05812e-05,10.4158,30
1,2112,p1,137,4.22993e-05,9.99292,30
1,2113,p1,101,4.1417e-05,9.39643,30
1,2114,p1,160,3.97994e-05,9.40726,30
1,2115,p1,119,4.18057e-05,9.43056,30
1,2116,p1,125,4.25786e-05,9.68049,30
1,2117,p1,159,4.46108e-05,10.1424,30
1,2118,p1,151,3.95827e-05,9.63011,30
1,2119,p1,89,4.36208e-05,10.4078,30
1,2120,p1,123,4.31849e-05,9.6569,30
1,2121,p1,179,4.35739e-05,9.02959,30
1,2122,p1,136,4.53806e-05,10.6353,30
1,2123,p1,106,4.57222e-05,9.81111,30
1,2124,p1,128,4.66251e-05,10.2274,30
1,2125,p1,135,4.54348e-05,9.52401,30
1,2126,p1,142,4.69825e-05,9.74083,30
1,2127,p1,97,4.58603e-05,9.89681,30
1,2128,p1,186,4.65626e-05,9.68588,30
1,2129,p1,98,4.88427e-05,9.37023,30
1,2130,p1,172,4.74229e-05,8.68289,30
1,2131,p1,93,4.21852e-05,8.75985,30
1,2132,p1,158,4.34446e-05,8.67457,30
1,2133,p1,137,4.35836e-05,7.88248,30
1,2134,p1,134,3.55984e-05,7.26846,30
1,2135,p1,128,3.84113e-05,7.67012,30
1,2136,p1,134,3.68484e-05,7.65137,30
1,2137,p1,138,3.93541e-05,8.35565,30
1,2138,p1,146,4.29182e-05,8.50367,30
1,2139,p1,156,4.17314e-05,8.32697,30
1,2140,p1,93,3.74546e-05,8.34997,30
1,2141,p1,134,3.942e-05,8.24448,30
1,2142,p1,203,3.93408e-05,8.48127,30
1,2143,p1,121,4.26002e-05,9.37692,30
1,2144,p1,95,3.92432e-05,8.31583,30
1,2145,p1,126,4.13124e-05,8.98607,30
1,2146,p1,160,4.10961e-05,9.18283,30
1,2147,p1,112,3.67857e-05,8.92598,30
1,2148,p1,154,3.80163e-05,8.456,30
1,2149,p1,114,3.79705e-05,7.92022,30
1,2150,p1,119,3.62799e-05,7.5183,30
1,2151,p1,122,4.01962e-05,7.73559,30
1,2152,p1,130,3.73391e-05,7.21003,30
1,2153,p1,102,3.71641e-05,7.3263,30
1,2154,p1,135,3.9115e-05,7.45973,30
1,2155,p1,114,3.76304e-05,7.67877,30
1,2156,p1,164,3.8652e-05,7.44072,30
1,2157,p1,122,3.62789e-05,7.35624,30
1,2158,p1,126,3.95767e-05,8.36757,30
1,2159,p1,169,3.76358e-05,7.66502,30
1,2160,p1,124,3.97246e-05,7.48038,30
1,2161,p1,156,3.79276e-05,7.57985,30
1,2162,p1,91,3.44149e-05,7.58688,30
1,2163,p1,139,3.53157e-05,8.0739,30
1,2164,p1,89,3.95329e-05,7.23569,30
1,2165,p1,154,3.72605e-05,7.28987,30
1,2166,p1,171,3.83511e-05,7.10478,30
1,2167,p1,121,3.78106e-05,7.05631,30
1,2168,p1,135,3.90549e-05,7.06868,30
1,2169,p1,120,3.72285e-05,7.6298,30
1,2170,p1,146,4.06467e-05,7.42021,30
1,2171,p1,130,3.88651e-05,7.88078,30
1,2172,p1,110,3.68661e-05,7.58754,30
1,2173,p1,109,3.6664e-05,7.5753,30
1,2174,p1,152,4.05438e-05,8.1583,30
1,2175,p1,133,3.9924e-05,7.43182,30
1,2176,p1,143,3.53374e-05,7.54279,30
1,2177,p1,131,3.89301e-05,7.26856,30
1,2178,p1,129,3.7864e-05,7.81946,30
1,2179,p1,134,3.54965e-05,8.09109,30
1,2180,p1,135,3.58785e-05,7.94893,30
1,2181,p1,185,3.74131e-05,8.05491,30
1,2182,p1,144,3.64313e-05,7.75326,30
1,2183,p1,107,3.49943e-05,7.90338,30
1,2184,p1,146,3.61111e-05,7.95715,30
1,2185,p1,153,3.84021e-05,7.7159,30
1,2186,p1,137,3.77932e-05,7.5513,30
1,2187,p1,96,3.82547e-05,7.94505,30
1,2188,p1,149,3.89091e-05,8.21106,30
1,2189,p1,84,3.75333e-05,8.36236,30
1,2190,p1,137,3.59771e-05,8.20253,30
1,2191,p1,117,3.51677e-05,8.42606,30
1,2192,p1,132,3.45076e-05,8.12575,30
1,2193,p1,130,3.51541e-05,8.31572,30
1,2194,p1,135,3.36743e-05,8.49267,30
1,2195,p1,171,3.43331e-05,8.85368,30
1,2196,p1,81,3.31832e-05,8.56421,30
1,2197,p1,133,3.33552e-05,8.36806,30
1,2198,p1,120,3.46104e-05,8.2856,30
1,2199,p1,103,3.49387e-05,8.74745,30
1,2200,p1,129,3.66871e-05,8.55117,30
1,2201,p1,142,3.82499e-05,8.469,30
1,2202,p1,132,3.57326e-05,8.50381,30
1,2203,p1,152,3.76764e-05,8.60338,30
1,2204,p1,70,3.71e-05,8.16515,30
1,2205,p1,126,3.76934e-05,8.27837,30
1,2206,p1,179,4.26867e-05,8.56444,30
1,2207,p1,126,4.35113e-05,8.55096,30
1,2208,p1,124,4.13411e-05,8.39216,30
1,2209,p1,104,4.00208e-05,8.59304,30
1,2210,p1,136,3.99954e-05,8.71639,30
1,2211,p1,131,3.95787e-05,8.45785,30
1,2212,p1,102,3.87389e-05,8.56259,30
1,2213,p1,187,3.98297e-05,8.35319,30
1,2214,p1,117,3.74056e-05,8.74559,30
1,2215,p1,156,3.96121e-05,8.6255,30
1,2216,p1,169,3.96341e-05,8.33943,30
1,2217,p1,128,4.11542e-05,8.77129,30
1,2218,p1,144,3.72201e-05,8.83426,30
1,2219,p1,80,4.165e-05,8.50606,30
1,2220,p1,163,4.01863e-05,8.66295,30
1,2221,p1,158,4.2607e-05,8.41204,30
1,2222,p1,135,4.29709e-05,8.45462,30
1,2223,p1,127,3.88989e-05,8.77292,30
1,2224,p1,133,4.03273e-05,8.71362,30
1,2225,p1,166,4.10049e-05,8.84606,30
1,2226,p1,107,3.58237e-05,8.95648,30
1,2227,p1,157,3.4427e-05,9.0642,30
1,2228,p1,123,3.26466e-05,9.11741,30
1,2229,p1,140,3.16472e-05,9.26066,30
1,2230,p1,123,3.37765e-05,9.08581,30
1,2231,p1,144,3.6278e-05,9.06237,30
1,2232,p1,137,3.71053e-05,9.24182,30
1,2233,p1,128,3.66086e-05,9.05109,30
1,2234,p1,89,3.74946e-05,9.26014,30
1,2235,p1,203,3.78142e-05,9.35435,30
1,2236,p1,178,4.20536e-05,9.02584,30
1,2237,p1,145,4.36423e-05,9.03785,30
1,2238,p1,128,4.36829e-05,9.17201,30
1,2239,p1,163,4.45235e-05,9.27545,30
1,2240,p1,101,4.89898e-05,9.3703,30
1,2241,p1,100,4.7886e-05,9.20702,30
1,2242,p1,172,4.87784e-05,9.38856,30
1,2243,p1,165,4.78667e-05,9.36673,30
1,2244,p1,99,4.7838e-05,9.25516,30
1,2245,p1,179,4.77043e-05,9.27552,30
1,2246,p1,133,4.64529e-05,9.55002,30
1,2247,p1,110,4.70202e-05,9.29052,30
1,2248,p1,150,4.61249e-05,9.24247,30
1,2249,p1,130,4.64657e-05,9.31749,30
1,2250,p1,104,5.03869e-05,9.40114,30
1,2251,p1,103,4.97196e-05,9.26751,30
1,2252,p1,186,4.92629e-05,9.22449,30
1,2253,p1,105,5.10082e-05,9.22451,30
1,2254,p1,135,5.19819e-05,9.28652,30
1,2255,p1,120,5.24559e-05,9.30012,30
1,2256,p1,136,5.35462e-05,8.97672,30
1,2257,p1,137,5.65526e-05,9.06697,30
1,2258,p1,131,5.53254e-05,9.28719,30
1,2259,p1,128,5.93964e-05,8.96173,30
1,2260,p1,197,5.9274e-05,9.03176,30
1,2261,p1,113,6.33628e-05,8.65072,30
1,2262,p1,139,6.12008e-05,8.98991,30
1,2263,p1,149,6.19006e-05,8.8351,30
1,2264,p1,165,6.13258e-05,9.08471,30
1,2265,p1,129,6.05745e-05,8.91559,30
1,2266,p1,107,5.45511e-05,9.17321,30
1,2267,p1,144,5.85086e-05,9.13867,30
1,2268,p1,124,6.11482e-05,9.09612,30
1,2269,p1,125,5.58029e-05,9.07176,30
1,2270,p1,121,5.66334e-05,9.40322,30
1,2271,p1,151,5.93509e-05,9.36677,30
1,2272,p1,151,5.53691e-05,9.28744,30
1,2273,p1,116,5.97228e-05,8.56395,30
1,2274,p1,153,5.86112e-05,8.79416,30
1,2275,p1,121,4.88812e-05,9.13114,30
1,2276,p1,164,5.07403e-05,8.94136,30
1,2277,p1,136,4.87749e-05,8.78131,30
1,2278,p1,121,5.06769e-05,8.79736,30
1,2279,p1,114,4.42682e-05,8.96314,30
1,2280,p1,137,4.77338e-05,8.80519,30
1,2281,p1,146,4.82642e-05,8.54299,30
1,2282,p1,115,4.47803e-05,8.71339,30
1,2283,p1,135,4.46401e-05,8.71082,30
1,2284,p1,175,4.36367e-05,8.88444,30
1,2285,p1,121,4.3302e-05,8.88064,30
1,2286,p1,152,4.07538e-05,8.9351,30
1,2287,p1,148,4.1371e-05,8.70464,30
1,2288,p1,98,3.89431e-05,9.05533,30
1,2289,p1,122,4.00239e-05,9.14022,30
1,2290,p1,143,4.36738e-05,8.86094,30
1,2291,p1,165,4.4802e-05,9.12821,30
1,2292,p1,114,4.38385e-05,9.50411,30
1,2293,p1,122,4.54461e-05,9.14531,30
1,2294,p1,138,4.87075e-05,8.82228,30
1,2295,p1,124,4.71992e-05,8.69522,30
1,2296,p1,131,4.95347e-05,8.52682,30
1,2297,p1,153,4.68294e-05,8.62495,30
1,2298,p1,162,4.21386e-05,8.26128,30
1,2299,p1,115,4.47127e-05,8.11828,30
1,2300,p1,166,4.93225e-05,8.50651,30
1,2301,p1,92,4.97501e-05,8.53434,30
1,2302,p1,139,4.5177e-05,8.12438,30
1,2303,p1,223,4.59652e-05,8.0148,30
1,2304,p1,91,4.88884e-05,8.56067,30
1,2305,p1,102,4.65499e-05,8.52886,30
1,2306,p1,135,4.54014e-05,8.57956,30
1,2307,p1,192,4.918e-05,8.62892,30
1,2308,p1,150,4.61162e-05,8.42426,30
1,2309,p1,78,4.6158e-05,8.85907,30
1,2310,p1,135,4.94239e-05,8.69257,30
1,2311,p1,181,5.16471e-05,8.43343,30
1,2312,p1,143,4.86347e-05,8.50137,30
1,2313,p1,102,4.84146e-05,8.50008,30
1,2314,p1,151,5.34255e-05,8.1095,30
1,2315,p1,185,4.82162e-05,7.89615,30
1,2316,p1,131,4.92396e-05,7.58493,30
1,2317,p1,122,4.72319e-05,7.41467,30
1,2318,p1,132,4.24466e-05,7.1965,30
1,2319,p1,124,4.9204e-05,7.43292,30
1,2320,p1,143,4.76784e-05,7.61895,30
1,2321,p1,141,4.802e-05,8.26399,30
1,2322,p1,141,4.2401e-05,8.14701,30
1,2323,p1,156,4.24679e-05,8.26959,30
1,2324,p1,99,4.36007e-05,7.70463,30
1,2325,p1,140,4.4386e-05,7.9213,30
1,2326,p1,176,4.10303e-05,8.07755,30
1,2327,p1,115,3.99618e-05,8.3643,30
1,2328,p1,145,4.65743e-05,8.0446,30
1,2329,p1,145,4.80088e-05,7.66146,30
1,2330,p1,121,4.50311e-05,7.87352,30
1,2331,p1,154,4.49349e-05,8.76402,30
1,2332,p1,116,4.5797e-05,8.17629,30
1,2333,p1,160,4.59326e-05,7.86027,30
1,2334,p1,113,4.96766e-05,7.89733,30
1,2335,p1,149,4.48829e-05,8.39412,30
1,2336,p1,164,4.35604e-05,7.92365,30
1,2337,p1,150,4.66409e-05,7.80083,30
1,2338,p1,130,4.8153e-05,7.95192,30
1,2339,p1,175,4.95969e-05,7.40913,30
1,2340,p1,99,4.46924e-05,7.86119,30
1,2341,p1,87,4.65194e-05,7.40139,30
1,2342,p1,200,4.61679e-05,7.47273,30
1,2343,p1,159,4.54452e-05,7.13411,30
1,2344,p1,83,4.37567e-05,6.86879,30
1,2345,p1,118,4.17578e-05,7.28572,30
1,2346,p1,160,4.40926e-05,7.05052,30
1,2347,p1,132,4.3682e-05,7.50294,30
1,2348,p1,135,4.4946e-05,7.5644,30
1,2349,p1,164,4.69687e-05,7.0952,30
1,2350,p1,151,4.49941e-05,6.73704,30
1,2351,p1,157,5.05806e-05,7.45446,30
1,2352,p1,166,4.45576e-05,7.30429,30
1,2353,p1,109,4.51216e-05,7.17105,30
1,2354,p1,151,4.40713e-05,6.28035,30
1,2355,p1,114,4.49434e-05,6.43158,30
1,2356,p1,119,4.67407e-05,6.28959,30
1,2357,p1,144,4.31043e-05,5.87827,30
1,2358,p1,151,4.02835e-05,5.45082,30
1,2359,p1,147,4.33699e-05,5.70462,30
1,2360,p1,127,4.09706e-05,4.88544,30
1,2361,p1,140,3.99043e-05,4.87567,30
1,2362,p1,167,3.84874e-05,4.78395,30
1,2363,p1,101,3.87055e-05,4.46285,30
1,2364,p1,152,3.97316e-05,4.90856,30
1,2365,p1,164,3.73072e-05,4.47963,30
1,2366,p1,145,3.3526e-05,3.74283,30
1,2367,p1,143,3.93056e-05,4.82928,30
1,2368,p1,95,3.89208e-05,4.54303,30
1,2369,p1,142,4.24073e-05,5.01082,30
1,2370,p1,122,3.43147e-05,4.19709,30
1,2371,p1,136,3.3514e-05,3.53785,30
1,2372,p1,116,3.60928e-05,3.89508,30
1,2373,p1,152,3.54157e-05,3.70131,30
1,2374,p1,144,3.30377e-05,3.88791,30
1,2375,p1,149,2.75645e-05,2.99422,30
1,2376,p1,96,2.43712e-05,2.49144,30
1,2377,p1,135,2.19081e-05,2.5198,30
1,2378,p1,158,2.35199e-05,2.74143,30
1,2379,p1,115,2.25304e-05,2.65878,30
1,2380,p1,101,2.38947e-05,2.36524,30
1,2381,p1,118,2.07042e-05,2.70104,30
1,2382,p1,147,2.85006e-05,3.01486,30
1,2383,p1,128,3.05707e-05,2.86839,30
1,2384,p1,136,2.54374e-05,2.57632,30
1,2385,p1,126,2.8213e-05,2.93891,30
1,2386,p1,176,3.08087e-05,2.84063,30
1,2387,p1,108,2.6749e-05,2.78821,30
1,2388,p1,108,2.81181e-05,2.89024,30
1,2389,p1,161,2.90222e-05,2.61866,30
1,2390,p1,145,3.2136e-05,2.60343,30
1,2391,p1,129,4.49549e-05,3.02718,30
1,2392,p1,127,4.69034e-05,3.27237,30
1,2393,p1,124,4.14519e-05,3.07852,30
1,2394,p1,147,4.25281e-05,3.16246,30
1,2395,p1,151,4.49134e-05,3.71156,30
1,2396,p1,123,4.10893e-05,3.58455,30
1,2397,p1,107,4.4451e-05,4.1694,30
1,2398,p1,134,3.94317e-05,4.01941,30
1,2399,p1,145,3.70899e-05,3.90867,30
1,2400,p1,151,4.22909e-05,4.44611,30
1,2401,p1,123,3.66287e-05,4.26181,30
1,2402,p1,135,3.61893e-05,4.05212,30
1,2403,p1,128,3.70917e-05,3.92291,30
1,2404,p1,125,3.56656e-05,3.64077,30
1,2405,p1,162,2.94858e-05,3.33233,30
1,2406,p1,67,3.05291e-05,3.18675,30
1,2407,p1,139,4.25664e-05,3.56225,30
1,2408,p1,143,3.16883e-05,3.52037,30
1,2409,p1,112,2.55481e-05,3.56817,30
1,2410,p1,133,2.96026e-05,3.73067,30
1,2411,p1,159,2.85873e-05,3.80698,30
1,2412,p1,112,2.93224e-05,3.89353,30
1,2413,p1,168,3.48181e-05,3.97681,30
1,2414,p1,89,3.11533e-05,3.87387,30
1,2415,p1,130,2.89447e-05,3.8111,30
1,2416,p1,143,3.19681e-05,3.65717,30
1,2417,p1,111,2.62572e-05,3.44513,30
1,2418,p1,130,2.6905e-05,3.37587,30
1,2419,p1,172,2.28564e-05,3.65615,30
1,2420,p1,151,1.92424e-05,3.6812,30
1,2421,p1,145,2.79141e-05,3.84495,30
1,2422,p1,188,2.95841e-05,3.80397,30
1,2423,p1,133,2.62711e-05,4.19481,30
1,2424,p1,143,2.83679e-05,4.1716,30
1,2425,p1,175,2.39228e-05,3.98519,30
1,2426,p1,156,2.67887e-05,4.37497,30
1,2427,p1,129,2.35491e-05,4.28145,30
1,2428,p1,127,2.44904e-05,4.10584,30
1,2429,p1,144,2.76975e-05,4.22735,30
1,2430,p1,134,2.58627e-05,4.31133,30
1,2431,p1,113,2.58348e-05,4.06273,30
1,2432,p1,161,2.78118e-05,4.38774,30
1,2433,p1,126,2.78045e-05,4.29381,30
1,2434,p1,165,2.1921e-05,4.20817,30
1,2435,p1,134,2.01888e-05,4.05501,30
1,2436,p1,141,2.56388e-05,4.40739,30
1,2437,p1,129,2.76471e-05,4.30273,30
1,2438,p1,158,2.42021e-05,4.17702,30
1,2439,p1,106,2.81915e-05,4.8518,30
1,2440,p1,142,2.73956e-05,4.86959,30
1,2441,p1,147,2.96735e-05,4.64264,30
1,2442,p1,108,3.01457e-05,4.8947,30
1,2443,p1,152,2.96832e-05,4.60542,30
1,2444,p1,152,2.97061e-05,4.91745,30
1,2445,p1,113,2.96468e-05,5.03125,30
1,2446,p1,156,2.7883e-05,4.84487,30
1,2447,p1,143,2.72593e-05,4.79199,30
1,2448,p1,123,2.82821e-05,5.34946,30
1,2449,p1,115,2.79319e-05,5.19227,30
1,2450,p1,160,2.83545e-05,5.12756,30
1,2451,p1,127,3.01677e-05,5.10386,30
1,2452,p1,129,3.0052e-05,5.3394,30
1,2453,p1,110,2.81388e-05,5.21034,30
1,2454,p1,169,3.16316e-05,5.25392,30
1,2455,p1,138,2.94542e-05,5.44249,30
1,2456,p1,131,2.9787e-05,5.56792,30
1,2457,p1,139,2.87809e-05,5.53599,30
1,2458,p1,136,2.94637e-05,5.83833,30
1,2459,p1,128,2.95782e-05,5.78345,30
1,2460,p1,148,3.0578e-05,5.88164,30
1,2461,p1,161,3.00172e-05,5.53019,30
1,2462,p1,172,3.00164e-05,5.49434,30
1,2463,p1,127,3.02034e-05,5.96359,30
1,2464,p1,134,2.92741e-05,6.47333,30
1,2465,p1,142,2.77599e-05,6.45969,30
1,2466,p1,133,2.62061e-05,6.43749,30
1,2467,p1,146,2.52951e-05,6.4826,30
1,2468,p1,128,2.61804e-05,6.3645,30
1,2469,p1,123,2.49627e-05,6.49417,30
1,2470,p1,186,2.24143e-05,6.536,30
1,2471,p1,153,2.08014e-05,6.73501,30
1,2472,p1,103,1.79433e-05,6.78067,30
1,2473,p1,143,1.8829e-05,6.62689,30
1,2474,p1,166,2.10863e-05,6.43138,30
1,2475,p1,134,2.19991e-05,6.40829,30
1,2476,p1,122,2.00887e-05,6.72419,30
1,2477,p1,190,2.18921e-05,6.52091,30
1,2478,p1,115,1.85134e-05,6.59143,30
1,2479,p1,116,1.87548e-05,6.8199,30
1,2480,p1,125,1.5825e-05,6.86856,30
1,2481,p1,146,1.6865e-05,6.83673,30
1,2482,p1,115,1.51754e-05,7.11366,30
1,2483,p1,121,1.62294e-05,6.84539,30
1,2484,p1,190,1.50233e-05,6.99188,30
1,2485,p1,105,1.66281e-05,7.27772,30
1,2486,p1,110,1.66971e-05,6.94725,30
1,2487,p1,137,1.4764e-05,7.21784,30
1,2488,p1,159,1.26196e-05,7.41191,30
1,2489,p1,167,1.57704e-05,7.2829,30
1,2490,p1,111,1.52285e-05,7.40086,30
1,2491,p1,122,1.67243e-05,7.14758,30
1,2492,p1,173,1.58574e-05,7.25438,30
1,2493,p1,165,1.67851e-05,7.49822,30
1,2494,p1,123,1.57373e-05,7.42419,30
1,2495,p1,139,1.6547e-05,7.55837,30
1,2496,p1,155,1.61099e-05,7.59854,30
1,2497,p1,111,1.96267e-05,7.48379,30
1,2498,p1,103,1.73405e-05,7.67396,30
1,2499,p1,125,1.42768e-05,7.76318,30
1,2500,p1,119,1.54752e-05,7.70764,30
1,2501,p1,126,1.62821e-05,7.94335,30
1,2502,p1,136,1.50776e-05,7.73845,30
1,2503,p1,165,1.60606e-05,7.77725,30
1,2504,p1,106,1.72748e-05,7.82242,30
1,2505,p1,125,1.72112e-05,7.9608,30
1,2506,p1,181,1.57237e-05,7.87201,30
1,2507,p1,99,1.45404e-05,7.8476,30
1,2508,p1,135,1.2811e-05,7.96298,30
1,2509,p1,175,1.43336e-05,7.9623,30
1,2510,p1,137,1.15811e-05,7.93066,30
1,2511,p1,126,1.29334e-05,8.05206,30
1,2512,p1,90,1.20809e-05,8.12516,30
1,2513,p1,146,1.3982e-05,8.06358,30
1,2514,p1,125,1.30563e-05,7.83247,30
1,2515,p1,115,1.3814e-05,7.9992,30
1,2516,p1,144,1.53031e-05,8.11161,30
1,2517,p1,174,1.6576e-05,8.27801,30
1,2518,p1,163,1.7362e-05,8.27966,30
1,2519,p1,96,1.69309e-05,8.22137,30
1,2520,p1,166,1.86999e-05,8.33882,30
1,2521,p1,131,1.92034e-05,8.46481,30
1,2522,p1,134,1.6534e-05,8.34576,30
1,2523,p1,130,1.69148e-05,8.14756,30
1,2524,p1,113,1.49538e-05,8.35609,30
1,2525,p1,176,1.564e-05,8.34709,30
1,2526,p1,155,1.4625e-05,8.34712,30
1,2527,p1,111,1.89165e-05,8.26754,30
1,2528,p1,125,1.87264e-05,8.37088,30
1,2529,p1,176,1.61078e-05,8.42495,30
1,2530,p1,116,2.15699e-05,8.55698,30
1,2531,p1,105,2.15265e-05,8.7772,30
1,2532,p1,182,1.81387e-05,8.55206,30
1,2533,p1,145,1.92723e-05,8.58539,30
1,2534,p1,114,2.40913e-05,8.77218,30
1,2535,p1,154,2.12439e-05,8.71188,30
1,2536,p1,167,2.43171e-05,8.94678,30
1,2537,p1,133,2.36545e-05,8.9324,30
1,2538,p1,127,2.28917e-05,8.82212,30
1,2539,p1,131,2.71595e-05,9.27593,30
1,2540,p1,177,2.81798e-05,9.22218,30
1,2541,p1,147,2.64744e-05,8.92381,30
1,2542,p1,163,2.39787e-05,9.13289,30
1,2543,p1,106,2.5736e-05,9.26818,30
1,2544,p1,194,2.5817e-05,8.87006,30
1,2545,p1,182,2.55627e-05,9.03657,30
1,2546,p1,118,2.59735e-05,8.95126,30
1,2547,p1,112,2.38054e-05,8.80622,30
1,2548,p1,153,2.47546e-05,8.87448,30
1,2549,p1,174,2.50244e-05,8.77196,30
1,2550,p1,111,2.50211e-05,8.46149,30
1,2551,p1,125,2.83923e-05,8.57453,30
1,2552,p1,119,2.69367e-05,8.75045,30
1,2553,p1,134,2.56452e-05,8.87375,30
1,2554,p1,112,2.42941e-05,8.88326,30
1,2555,p1,112,2.77595e-05,8.65781,30
1,2556,p1,195,2.60715e-05,9.05194,30
1,2557,p1,96,2.34315e-05,8.42531,30
1,2558,p1,111,2.43446e-05,8.57284,30
1,2559,p1,205,2.52731e-05,8.55817,30
1,2560,p1,121,2.83468e-05,8.9349,30
1,2561,p1,92,2.51731e-05,8.47443,30
1,2562,p1,134,2.59749e-05,8.64237,30
1,2563,p1,154,2.55747e-05,8.67086,30
1,2564,p1,116,2.42449e-05,8.43379,30
1,2565,p1,135,2.95235e-05,8.85752,30
1,2566,p1,140,2.78824e-05,8.95963,30
1,2567,p1,121,3.05522e-05,8.86465,30
1,2568,p1,160,2.81854e-05,8.54698,30
1,2569,p1,119,3.23152e-05,8.87178,30
1,2570,p1,149,3.05648e-05,8.82332,30
1,2571,p1,159,3.09899e-05,8.78857,30
1,2572,p1,99,2.30201e-05,7.92801,30
1,2573,p1,176,2.56884e-05,8.31396,30
1,2574,p1,110,3.10244e-05,8.54885,30
1,2575,p1,154,2.65943e-05,8.17613,30
1,2576,p1,117,2.97765e-05,8.422,30
1,2577,p1,144,2.88462e-05,8.67509,30
1,2578,p1,150,3.07411e-05,8.84159,30
1,2579,p1,128,2.82846e-05,8.23788,30
1,2580,p1,128,2.99255e-05,8.33056,30
1,2581,p1,132,3.22782e-05,8.86121,30
1,2582,p1,136,3.34299e-05,9.05068,30
1,2583,p1,127,3.29772e-05,8.74141,30
1,2584,p1,159,3.45576e-05,9.11995,30
1,2585,p1,139,3.50391e-05,9.39754,30
1,2586,p1,143,3.26429e-05,8.92868,30
1,2587,p1,123,3.59399e-05,8.96469,30
1,2588,p1,179,3.64817e-05,9.23278,30
1,2589,p1,162,3.70288e-05,9.49039,30
1,2590,p1,111,3.92131e-05,9.25705,30
1,2591,p1,97,4.09634e-05,9.59363,30
1,2592,p1,130,3.91382e-05,9.38474,30
1,2593,p1,174,4.02616e-05,9.396,30
1,2594,p1,126,4.03427e-05,9.58963,30
1,2595,p1,180,4.04946e-05,9.39447,30
1,2596,p1,106,4.17261e-05,9.27446,30
1,2597,p1,138,4.4953e-05,9.58354,30
1,2598,p1,153,4.50763e-05,9.68542,30
1,2599,p1,140,4.54135e-05,9.45186,30
1,2600,p1,99,4.66412e-05,9.11455,30
1,2601,p1,158,4.9741e-05,9.47564,30
1,2602,p1,113,5.08944e-05,9.61867,30
1,2603,p1,170,5.03574e-05,9.49092,30
1,2604,p1,109,5.12305e-05,9.37086,30
1,2605,p1,116,4.86456e-05,9.47718,30
1,2606,p1,152,4.94265e-05,9.33692,30
1,2607,p1,161,4.8761e-05,9.03529,30
1,2608,p1,114,4.80998e-05,9.05983,30
1,2609,p1,109,4.95846e-05,9.08043,30
1,2610,p1,184,4.88348e-05,9.10748,30
1,2611,p1,133,5.31098e-05,9.00418,30
1,2612,p1,114,5.39297e-05,9.18614,30
1,2613,p1,121,5.56782e-05,9.15671,30
1,2614,p1,161,5.52378e-05,9.16669,30
1,2615,p1,143,5.29632e-05,8.36498,30
1,2616,p1,146,5.14442e-05,8.3316,30
1,2617,p1,114,5.58683e-05,8.21099,30
1,2618,p1,208,5.53451e-05,8.44007,30
1,2619,p1,101,5.74272e-05,8.52052,30
1,2620,p1,133,5.47852e-05,8.27602,30
1,2621,p1,113,5.88676e-05,8.45692,30
1,2622,p1,112,5.85061e-05,9.13423,30
1,2623,p1,134,6.08955e-05,9.50627,30
1,2624,p1,166,5.71522e-05,9.00603,30
1,2625,p1,100,5.61255e-05,9.45392,30
1,2626,p1,136,5.40141e-05,9.49325,30
1,2627,p1,141,5.41374e-05,9.49115,30
1,2628,p1,123,5.62291e-05,9.75214,30
1,2629,p1,121,5.57721e-05,9.71872,30
1,2630,p1,104,5.44411e-05,9.7366,30
1,2631,p1,154,5.80821e-05,9.64587,30
1,2632,p1,146,5.51534e-05,9.38417,30
1,2633,p1,104,5.81574e-05,9.23825,30
1,2634,p1,149,5.56455e-05,9.42539,30
1,2635,p1,141,5.94691e-05,9.43188,30
1,2636,p1,140,5.8902e-05,9.05436,30
1,2637,p1,127,5.54142e-05,9.13119,30
1,2638,p1,161,5.73622e-05,9.3325,30
1,2639,p1,102,4.97458e-05,8.97896,30
1,2640,p1,126,4.78905e-05,9.07117,30
1,2641,p1,160,4.97682e-05,9.08484,30
1,2642,p1,115,4.71422e-05,8.9149,30
1,2643,p1,129,5.42143e-05,9.09069,30
1,2644,p1,146,5.1923e-05,8.96735,30
1,2645,p1,127,4.89417e-05,8.71603,30
1,2646,p1,122,4.56806e-05,8.67742,30
1,2647,p1,185,4.56384e-05,8.70332,30
1,2648,p1,120,4.22573e-05,8.9391,30
1,2649,p1,164,4.24323e-05,8.69231,30
1,2650,p1,97,4.37119e-05,8.65892,30
1,2651,p1,171,4.18448e-05,8.42449,30
1,2652,p1,140,4.73398e-05,8.47937,30
1,2653,p1,108,5.3107e-05,8.57187,30
1,2654,p1,137,4.18999e-05,8.69316,30
1,2655,p1,133,4.15832e-05,8.72653,30
1,2656,p1,140,3.79763e-05,8.78945,30
1,2657,p1,125,3.82781e-05,8.81569,30
1,2658,p1,130,4.53133e-05,8.63513,30
1,2659,p1,109,3.62983e-05,8.661,30
1,2660,p1,161,4.49275e-05,8.72887,30
1,2661,p1,98,4.67514e-05,8.5876,30
1,2662,p1,151,4.68922e-05,8.70317,30
1,2663,p1,179,5.37265e-05,9.10704,30
1,2664,p1,139,3.8828e-05,9.17595,30
1,2665,p1,172,4.17454e-05,9.32975,30
1,2666,p1,146,4.52388e-05,9.1181,30
1,2667,p1,141,4.60022e-05,8.91377,30
1,2668,p1,116,4.90933e-05,9.08385,30
1,2669,p1,205,4.76876e-05,9.02136,30
1,2670,p1,159,4.43117e-05,9.12145,30
1,2671,p1,104,3.71001e-05,9.32082,30
1,2672,p1,102,4.9085e-05,9.65273,30
1,2673,p1,175,3.83829e-05,9.32127,30
1,2674,p1,159,4.46891e-05,9.40072,30
1,2675,p1,120,3.38562e-05,9.7898,30
1,2676,p1,117,2.78811e-05,9.00676,30
1,2677,p1,115,3.7242e-05,8.77602,30
1,2678,p1,124,3.76785e-05,8.53654,30
1,2679,p1,140,4.01064e-05,8.8686,30
1,2680,p1,134,4.11943e-05,8.72936,30
1,2681,p1,153,4.14719e-05,8.78204,30
1,2682,p1,102,4.88831e-05,9.01194,30
1,2683,p1,125,3.26275e-05,8.51828,30
1,2684,p1,146,4.19392e-05,9.07054,30
1,2685,p1,146,4.52808e-05,9.03081,30
1,2686,p1,99,4.64111e-05,8.88756,30
1,2687,p1,159,3.65965e-05,8.72977,30
1,2688,p1,133,4.89262e-05,8.99041,30
1,2689,p1,139,4.21138e-05,8.87175,30
1,2690,p1,130,3.86852e-05,8.36034,30
1,2691,p1,143,4.34755e-05,8.45241,30
1,2692,p1,165,4.06351e-05,8.40028,30
1,2693,p1,151,3.72356e-05,8.82007,30
1,2694,p1,104,3.71431e-05,8.74544,30
1,2695,p1,139,3.79289e-05,8.1272,30
1,2696,p1,146,5.49486e-05,8.59989,30
1,2697,p1,106,4.09986e-05,8.5862,30
1,2698,p1,163,5.63565e-05,8.94772,30
1,2699,p1,124,5.0837e-05,8.60851,30
1,2700,p1,114,3.5449e-05,8.7148,30
1,2701,p1,156,3.89409e-05,9.10688,30
1,2702,p1,105,4.30268e-05,8.8372,30
1,2703,p1,98,3.61407e-05,8.71886,30
1,2704,p1,165,3.37653e-05,8.88529,30
1,2705,p1,164,4.02965e-05,9.12689,30
1,2706,p1,130,4.69914e-05,9.10992,30
1,2707,p1,117,4.45255e-05,9.23636,30
1,2708,p1,118,4.10256e-05,9.58936,30
1,2709,p1,132,4.00184e-05,9.22117,30
1,2710,p1,169,4.2047e-05,9.32001,30
1,2711,p1,111,3.79701e-05,9.14247,30
1,2712,p1,109,4.16164e-05,9.0779,30
1,2713,p1,150,4.01513e-05,9.44928,30
1,2714,p1,145,4.82433e-05,9.36676,30
1,2715,p1,172,4.75695e-05,9.26522,30
1,2716,p1,124,4.79448e-05,9.23171,30
1,2717,p1,103,3.91799e-05,8.88619,30
1,2718,p1,148,4.63224e-05,9.1358,30
1,2719,p1,131,3.49103e-05,9.107,30
1,2720,p1,129,3.92452e-05,9.14821,30
1,2721,p1,136,3.98167e-05,9.18922,30
1,2722,p1,134,4.10094e-05,9.46232,30
1,2723,p1,126,3.37094e-05,9.25411,30
1,2724,p1,126,3.1957e-05,8.85341,30
1,2725,p1,138,3.41354e-05,8.89236,30
1,2726,p1,176,2.59885e-05,8.70473,30
1,2727,p1,157,2.50824e-05,8.93894,30
1,2728,p1,159,2.38743e-05,8.81614,30
1,2729,p1,122,2.79075e-05,8.72785,30
1,2730,p1,126,2.4372e-05,8.56556,30
1,2731,p1,199,2.60262e-05,8.96183,30
1,2732,p1,79,2.36909e-05,8.85484,30
1,2733,p1,122,2.54992e-05,8.76375,30
1,2734,p1,153,2.31941e-05,9.01627,30
1,2735,p1,135,2.5882e-05,8.97051,30
1,2736,p1,141,2.65713e-05,9.29165,30
1,2737,p1,131,2.143e-05,8.94529,30
1,2738,p1,165,2.38132e-05,9.14235,30
1,2739,p1,131,2.47637e-05,9.18178,30
1,2740,p1,140,2.48916e-05,9.10329,30
1,2741,p1,124,2.39526e-05,8.96579,30
1,2742,p1,158,2.67679e-05,9.22164,30
1,2743,p1,141,2.83733e-05,9.24338,30
1,2744,p1,106,2.64591e-05,9.10901,30
1,2745,p1,156,2.61978e-05,9.15188,30
1,2746,p1,154,2.6771e-05,9.15557,30
1,2747,p1,118,2.44362e-05,9.28174,30
1,2748,p1,161,2.4344e-05,9.22819,30
1,2749,p1,190,2.39251e-05,9.41657,30
1,2750,p1,164,2.28833e-05,9.48233,30
1,2751,p1,85,2.34851e-05,9.27796,30
1,2752,p1,97,2.20959e-05,9.45502,30
1,2753,p1,180,2.23373e-05,9.20305,30
1,2754,p1,123,1.86889e-05,10.0101,30
1,2755,p1,95,1.81119e-05,9.95376,30
1,2756,p1,144,1.59394e-05,9.88301,30
1,2757,p1,107,1.86802e-05,10.1002,30
1,2758,p1,154,1.87403e-05,10.0305,30
1,2759,p1,123,1.75051e-05,10.0695,30
1,2760,p1,158,1.74728e-05,10.129,30
1,2761,p1,119,1.55565e-05,10.4085,30
1,2762,p1,144,1.64617e-05,10.2147,30
1,2763,p1,142,1.60896e-05,10.1488,30
1,2764,p1,154,1.63953e-05,10.1801,30
1,2765,p1,152,1.56994e-05,10.0559,30
1,2766,p1,136,1.62905e-05,9.93228,30
1,2767,p1,119,1.72396e-05,9.90986,30
1,2768,p1,171,1.75587e-05,10.0603,30
1,2769,p1,138,1.77292e-05,9.78097,30
1,2770,p1,100,1.69345e-05,9.60632,30
1,2771,p1,118,1.74763e-05,9.62744,30
1,2772,p1,118,1.42739e-05,9.60674,30
1,2773,p1,136,1.70702e-05,9.95562,30
1,2774,p1,147,1.93487e-05,9.86481,30
1,2775,p1,155,1.70972e-05,9.38737,30
1,2776,p1,136,1.86835e-05,9.98877,30
1,2777,p1,93,1.95976e-05,9.65903,30
1,2778,p1,146,1.88075e-05,9.73029,30
1,2779,p1,147,1.69411e-05,9.48665,30
1,2780,p1,118,1.93134e-05,9.41114,30
1,2781,p1,109,1.83124e-05,9.78629,30
1,2782,p1,147,2.03568e-05,9.86794,30
1,2783,p1,141,2.05337e-05,9.80692,30
1,2784,p1,144,2.26948e-05,9.95421,30
1,2785,p1,118,2.40247e-05,10.3045,30
1,2786,p1,137,2.35916e-05,10.1204,30
1,2787,p1,168,2.50066e-05,10.2897,30
1,2788,p1,82,2.47896e-05,10.2325,30
1,2789,p1,136,2.59367e-05,10.2214,30
1,2790,p1,179,2.55377e-05,10.5629,30
1,2791,p1,125,2.40893e-05,10.3,30
1,2792,p1,98,2.70981e-05,10.2742,30
1,2793,p1,121,2.6339e-05,10.1935,30
1,2794,p1,143,2.49626e-05,10.0995,30
1,2795,p1,120,2.52229e-05,10.2998,30
1,2796,p1,118,2.44219e-05,10.1167,30
1,2797,p1,116,2.47265e-05,9.94503,30
1,2798,p1,160,2.54092e-05,10.1212,30
1,2799,p1,122,2.33573e-05,10.3181,30
1,2800,p1,78,2.47748e-05,10.6001,30
1,2801,p1,145,2.50278e-05,10.632,30
1,2802,p1,168,2.58551e-05,10.7649,30
1,2803,p1,112,2.70336e-05,10.9447,30
1,2804,p1,115,2.83282e-05,11.1662,30
1,2805,p1,98,2.77879e-05,10.8424,30
1,2806,p1,154,3.01229e-05,10.5863,30
1,2807,p1,135,2.92102e-05,10.6249,30
1,2808,p1,83,2.76267e-05,10.5266,30
1,2809,p1,159,2.8594e-05,10.7031,30
1,2810,p1,127,2.89032e-05,10.7907,30
1,2811,p1,128,2.77713e-05,10.6066,30
1,2812,p1,119,2.8826e-05,10.9987,30
1,2813,p1,120,2.89392e-05,11.1802,30
1,2814,p1,128,2.67294e-05,11.5173,30
1,2815,p1,121,2.84379e-05,11.4921,30
1,2816,p1,175,2.83055e-05,11.649,30
1,2817,p1,130,2.34145e-05,11.942,30
1,2818,p1,134,2.58802e-05,12.1067,30
1,2819,p1,142,2.74199e-05,11.5781,30
1,2820,p1,209,2.73988e-05,11.5741,30
1,2821,p1,125,2.82349e-05,11.5082,30
1,2822,p1,154,2.78496e-05,11.2991,30
1,2823,p1,130,3.01391e-05,11.1123,30
1,2824,p1,183,3.11116e-05,11.2308,30
1,2825,p1,162,3.03723e-05,10.8678,30
1,2826,p1,144,2.74506e-05,10.7935,30
1,2827,p1,119,2.97959e-05,11.0002,30
1,2828,p1,125,2.79805e-05,11.0612,30
1,2829,p1,128,3.18033e-05,10.4381,30
1,2830,p1,149,3.27942e-05,10.7105,30
1,2831,p1,171,3.12599e-05,11.3828,30
1,2832,p1,79,2.90474e-05,11.0716,30
1,2833,p1,120,3.13396e-05,11.2061,30
1,2834,p1,196,3.48265e-05,11.2074,30
1,2835,p1,121,3.47415e-05,11.1151,30
1,2836,p1,110,3.3245e-05,11.3571,30
1,2837,p1,145,3.49798e-05,11.2268,30
1,2838,p1,98,3.11349e-05,11.1079,30
1,2839,p1,143,3.11861e-05,11.0861,30
1,2840,p1,177,3.15818e-05,10.9899,30
1,2841,p1,92,2.8135e-05,10.9858,30
1,2842,p1,143,2.76004e-05,10.8163,30
1,2843,p1,160,2.68959e-05,10.9363,30
1,2844,p1,123,2.7555e-05,10.7452,30
1,2845,p1,143,2.9308e-05,10.5448,30
1,2846,p1,166,3.12219e-05,10.488,30
1,2847,p1,109,3.24956e-05,10.6247,30
1,2848,p1,143,3.0165e-05,10.4616,30
1,2849,p1,141,3.16045e-05,10.4351,30
1,2850,p1,125,3.33222e-05,10.2605,30
1,2851,p1,130,3.30009e-05,10.1677,30
1,2852,p1,179,3.66754e-05,10.0013,30
1,2853,p1,115,3.58038e-05,10.2389,30
1,2854,p1,131,3.57179e-05,10.0827,30
1,2855,p1,86,3.82504e-05,10.196,30
1,2856,p1,177,4.05983e-05,10.0465,30
1,2857,p1,167,3.98564e-05,10.4225,30
1,2858,p1,103,3.78278e-05,10.7568,30
1,2859,p1,116,3.876e-05,10.6665,30
1,2860,p1,162,3.76543e-05,11.0589,30
1,2861,p1,118,4.04316e-05,10.782,30
1,2862,p1,144,4.22364e-05,10.6901,30
1,2863,p1,116,4.26338e-05,10.7773,30
1,2864,p1,160,3.91e-05,11.248,30
1,2865,p1,156,3.96532e-05,10.6714,30
1,2866,p1,94,3.95032e-05,11.0334,30
1,2867,p1,111,4.58311e-05,10.4379,30
1,2868,p1,152,4.30456e-05,10.4891,30
1,2869,p1,108,4.21746e-05,10.4569,30
1,2870,p1,125,4.2991e-05,10.3127,30
1,2871,p1,138,4.49105e-05,10.3575,30
1,2872,p1,135,4.58801e-05,10.0785,30
1,2873,p1,111,4.55198e-05,10.4133,30
1,2874,p1,134,4.54751e-05,10.3439,30
1,2875,p1,143,4.42797e-05,10.5551,30
1,2876,p1,123,4.52145e-05,10.5094,30
1,2877,p1,130,4.78678e-05,9.94317,30
1,2878,p1,159,4.85254e-05,10.1261,30
1,2879,p1,137,4.67239e-05,10.2029,30
1,2880,p1,126,4.82234e-05,9.93753,30
1,2881,p1,145,4.95653e-05,9.81102,30
1,2882,p1,197,4.98714e-05,9.98268,30
1,2883,p1,167,4.91592e-05,10.274,30
1,2884,p1,146,4.77238e-05,10.5022,30
1,2885,p1,160,4.70867e-05,10.656,30
1,2886,p1,120,4.92819e-05,10.6218,30
1,2887,p1,142,5.0211e-05,10.184,30
1,2888,p1,99,4.73304e-05,10.9073,30
1,2889,p1,151,5.04158e-05,10.7493,30
1,2890,p1,186,5.0442e-05,10.8807,30
1,2891,p1,144,5.08222e-05,11.2343,30
1,2892,p1,107,5.10896e-05,11.097,30
1,2893,p1,158,4.73546e-05,11.5946,30
1,2894,p1,169,4.9353e-05,11.6045,30
1,2895,p1,136,4.53952e-05,12.0976,30
1,2896,p1,117,4.61809e-05,11.7472,30
1,2897,p1,137,4.64979e-05,11.7914,30
1,2898,p1,159,4.35155e-05,11.9624,30
1,2899,p1,160,4.31824e-05,11.9607,30
1,2900,p1,130,4.21272e-05,12.0001,30
1,2901,p1,135,4.28886e-05,12.1777,30
1,2902,p1,147,3.9491e-05,12.142,30
1,2903,p1,161,3.59315e-05,12.752,30
1,2904,p1,141,4.3451e-05,12.4839,30
1,2905,p1,81,4.89217e-05,11.5167,30
1,2906,p1,168,4.98363e-05,11.6156,30
1,2907,p1,134,4.31246e-05,12.231,30
1,2908,p1,103,4.37939e-05,12.2806,30
1,2909,p1,125,5.07968e-05,11.4999,30
1,2910,p1,188,4.79146e-05,11.9499,30
1,2911,p1,172,4.96273e-05,11.4954,30
1,2912,p1,94,5.24581e-05,11.4693,30
1,2913,p1,141,5.65376e-05,11.2217,30
1,2914,p1,165,5.7593e-05,11.1797,30
1,2915,p1,138,5.07018e-05,11.5468,30
1,2916,p1,106,4.47401e-05,12.8321,30
1,2917,p1,164,4.69107e-05,12.35,30
1,2918,p1,152,5.09271e-05,12.4391,30
1,2919,p1,124,4.48098e-05,13.0094,30
1,2920,p1,130,4.73124e-05,12.6034,30
1,2921,p1,160,4.6724e-05,12.9996,30
1,2922,p1,134,5.7769e-05,11.6346,30
1,2923,p1,152,5.384e-05,11.5031,30
1,2924,p1,135,5.80925e-05,11.4595,30
1,2925,p1,139,6.03742e-05,11.6894,30
1,2926,p1,84,5.982e-05,11.1677,30
1,2927,p1,130,5.5816e-05,11.4712,30
1,2928,p1,149,5.81945e-05,11.8265,30
1,2929,p1,154,5.27125e-05,12.1101,30
1,2930,p1,96,5.25532e-05,12.3195,30
1,2931,p1,152,4.48788e-05,12.6198,30
1,2932,p1,140,4.35495e-05,12.6264,30
1,2933,p1,124,4.14997e-05,13.0351,30
1,2934,p1,135,3.95665e-05,13.1292,30
1,2935,p1,130,3.69385e-05,13.5324,30
1,2936,p1,164,3.68986e-05,13.6063,30
1,2937,p1,118,3.36179e-05,14.1409,30
1,2938,p1,144,3.20069e-05,14.2989,30
1,2939,p1,144,3.07993e-05,14.0131,30
1,2940,p1,114,2.5848e-05,14.3207,30
1,2941,p1,142,2.80505e-05,14.1337,30
1,2942,p1,146,3.08355e-05,14.7124,30
1,2943,p1,88,3.59737e-05,14.0512,30
1,2944,p1,126,3.02425e-05,14.5331,30
1,2945,p1,166,3.61529e-05,13.7784,30
1,2946,p1,140,3.74115e-05,14.0685,30
1,2947,p1,78,3.94724e-05,14.1736,30
1,2948,p1,145,3.5805e-05,14.2299,30
1,2949,p1,167,3.86242e-05,13.9025,30
1,2950,p1,125,3.57923e-05,14.1151,30
1,2951,p1,169,3.72814e-05,14.2674,30
1,2952,p1,160,4.78771e-05,13.6836,30
1,2953,p1,124,4.629e-05,13.564,30
1,2954,p1,163,4.49356e-05,14.0597,30
1,2955,p1,151,5.1269e-05,12.9202,30
1,2956,p1,151,4.80163e-05,13.2641,30
1,2957,p1,118,5.15771e-05,12.843,30
1,2958,p1,155,4.83892e-05,13.0221,30
1,2959,p1,135,4.59635e-05,13.4264,30
1,2960,p1,127,4.69973e-05,13.0398,30
1,2961,p1,159,4.48018e-05,13.0835,30
1,2962,p1,171,4.18004e-05,13.427,30
1,2963,p1,87,4.25102e-05,13.1969,30
1,2964,p1,104,4.24149e-05,13.3436,30
1,2965,p1,167,3.5312e-05,14.0674,30
1,2966,p1,99,3.91083e-05,13.9927,30
1,2967,p1,153,3.55726e-05,14.2181,30
1,2968,p1,114,2.9863e-05,14.8402,30
1,2969,p1,112,3.56222e-05,14.7082,30
1,2970,p1,152,3.6967e-05,14.5393,30
1,2971,p1,171,3.75127e-05,14.3213,30
1,2972,p1,151,3.23613e-05,14.9155,30
1,2973,p1,151,3.11175e-05,14.9346,30
1,2974,p1,111,3.68018e-05,14.6093,30
1,2975,p1,140,2.86765e-05,15.1163,30
1,2976,p1,149,3.22985e-05,14.8157,30
1,2977,p1,135,3.60993e-05,14.7104,30
1,2978,p1,117,3.64322e-05,14.681,30
1,2979,p1,159,3.55332e-05,15.0727,30
1,2980,p1,104,3.37186e-05,14.9701,30
1,2981,p1,131,3.42591e-05,15.0142,30
1,2982,p1,151,3.97009e-05,14.363,30
1,2983,p1,133,2.73806e-05,15.2344,30
1,2984,p1,122,2.45122e-05,15.2337,30
1,2985,p1,137,2.64908e-05,15.2006,30
1,2986,p1,138,2.08927e-05,15.1191,30
1,2987,p1,153,2.61464e-05,14.8422,30
1,2988,p1,128,2.81339e-05,14.6927,30
1,2989,p1,123,2.17972e-05,15.1483,30
1,2990,p1,136,1.87559e-05,15.2124,30
1,2991,p1,168,1.84616e-05,15.311,30
1,2992,p1,140,1.60531e-05,15.4249,30
1,2993,p1,112,1.82745e-05,15.0324,30
1,2994,p1,204,1.54615e-05,15.0949,30
1,2995,p1,172,1.15904e-05,15.2444,30
1,2996,p1,150,1.26542e-05,15.1467,30
1,2997,p1,145,1.35669e-05,15.1337,30
1,2998,p1,126,1.16166e-05,15.343,30
1,2999,p1,106,1.20483e-05,15.1385,30
1,3000,p1,160,1.17926e-05,15.2182,30
1,3001,p1,134,1.23591e-05,15.1491,30
1,3002,p1,125,1.18035e-05,15.4496,30
1,3003,p1,115,1.11652e-05,15.4266,30
1,3004,p1,152,1.134e-05,15.4305,30
1,3005,p1,119,1.14734e-05,15.4822,30
1,3006,p1,142,1.21161e-05,15.3368,30
1,3007,p1,102,1.13956e-05,15.5687,30
1,3008,p1,157,1.14074e-05,15.5313,30
1,3009,p1,106,1.03925e-05,15.5823,30
1,3010,p1,148,1.08062e-05,15.7034,30
1,3011,p1,99,1.15514e-05,15.3133,30
1,3012,p1,118,1.20949e-05,15.2861,30
1,3013,p1,181,1.15953e-05,15.4482,30
1,3014,p1,152,1.29973e-05,15.4101,30
1,3015,p1,127,1.38642e-05,15.3103,30
1,3016,p1,143,1.48354e-05,15.0162,30
1,3017,p1,130,1.31189e-05,15.3849,30
1,3018,p1,129,1.29983e-05,15.506,30
1,3019,p1,131,1.43715e-05,15.616,30
1,3020,p1,91,1.40997e-05,15.2565,30
1,3021,p1,123,1.37289e-05,15.5956,30
1,3022,p1,129,1.4397e-05,15.4558,30
1,3023,p1,155,1.49804e-05,14.8741,30
1,3024,p1,112,1.54847e-05,14.935,30
1,3025,p1,122,1.56541e-05,14.8827,30
1,3026,p1,143,1.59328e-05,14.6831,30
1,3027,p1,126,1.52349e-05,14.8945,30
1,3028,p1,109,1.3179e-05,14.9518,30
1,3029,p1,158,1.40815e-05,14.9616,30
1,3030,p1,93,1.60111e-05,14.5949,30
1,3031,p1,162,1.50368e-05,14.6287,30
1,3032,p1,159,1.56807e-05,14.5103,30
1,3033,p1,145,1.5619e-05,14.4465,30
1,3034,p1,143,1.69928e-05,14.2313,30
1,3035,p1,120,1.43958e-05,14.6754,30
1,3036,p1,191,1.49797e-05,14.4603,30
1,3037,p1,140,1.38923e-05,14.6007,30
1,3038,p1,96,1.38135e-05,14.5801,30
1,3039,p1,162,1.3867e-05,14.7215,30
1,3040,p1,119,1.37278e-05,14.7066,30
1,3041,p1,134,1.42395e-05,14.5529,30
1,3042,p1,140,1.49916e-05,14.5385,30
1,3043,p1,151,1.43893e-05,14.7309,30
1,3044,p1,128,1.26025e-05,14.8894,30
1,3045,p1,134,1.28472e-05,14.6104,30
1,3046,p1,196,1.36187e-05,14.5944,30
1,3047,p1,114,1.46853e-05,14.429,30
1,3048,p1,124,1.43487e-05,14.6142,30
1,3049,p1,104,1.57198e-05,14.6282,30
1,3050,p1,175,1.76028e-05,14.3161,30
1,3051,p1,112,1.48294e-05,14.5297,30
1,3052,p1,134,1.42192e-05,14.5931,30
1,3053,p1,157,1.61585e-05,14.3896,30
1,3054,p1,126,1.68496e-05,14.4194,30
1,3055,p1,169,1.56075e-05,14.6658,30
1,3056,p1,99,1.6532e-05,14.752,30
1,3057,p1,112,1.89597e-05,14.5625,30
1,3058,p1,144,1.90731e-05,14.6632,30
1,3059,p1,118,1.81431e-05,14.7166,30
1,3060,p1,154,1.78004e-05,14.8451,30
1,3061,p1,134,1.80945e-05,14.7772,30
1,3062,p1,168,1.99461e-05,14.9733,30
1,3063,p1,169,2.10077e-05,14.607,30
1,3064,p1,166,2.16192e-05,14.5796,30
1,3065,p1,107,2.28107e-05,14.4988,30
1,3066,p1,113,2.18134e-05,14.7596,30
1,3067,p1,172,2.28666e-05,14.5215,30
1,3068,p1,119,2.1799e-05,14.4332,30
1,3069,p1,131,2.03531e-05,14.6628,30
1,3070,p1,120,2.12212e-05,14.8465,30
1,3071,p1,119,2.2878e-05,14.4109,30
1,3072,p1,116,2.28337e-05,14.5725,30
1,3073,p1,182,2.08029e-05,14.9116,30
1,3074,p1,150,2.23667e-05,15.0066,30
1,3075,p1,111,2.50881e-05,14.8996,30
1,3076,p1,113,2.27167e-05,15.0374,30
1,3077,p1,195,2.37748e-05,15.0596,30
1,3078,p1,109,2.52071e-05,14.9245,30
1,3079,p1,104,2.31426e-05,14.8813,30
1,3080,p1,210,2.51334e-05,15.1002,30
1,3081,p1,93,2.47179e-05,15.0221,30
1,3082,p1,124,2.50904e-05,14.8748,30
1,3083,p1,144,2.91978e-05,14.5936,30
1,3084,p1,169,2.80993e-05,14.6596,30
1,3085,p1,119,2.6812e-05,14.6974,30
1,3086,p1,103,3.01042e-05,14.4426,30
1,3087,p1,154,2.98805e-05,14.3421,30
1,3088,p1,158,3.07022e-05,14.4165,30
1,3089,p1,168,3.13446e-05,14.6092,30
1,3090,p1,81,2.93035e-05,15.371,30
1,3091,p1,135,2.70167e-05,15.3754,30
1,3092,p1,160,3.30756e-05,14.9697,30
1,3093,p1,132,3.0487e-05,15.1191,30
1,3094,p1,143,2.78165e-05,15.1542,30
1,3095,p1,161,2.67931e-05,15.2242,30
1,3096,p1,110,2.79405e-05,15.3348,30
1,3097,p1,143,3.07607e-05,15.3395,30
1,3098,p1,169,2.88955e-05,15.4426,30
1,3099,p1,116,3.04563e-05,15.3676,30
1,3100,p1,123,2.91298e-05,15.539,30
1,3101,p1,128,3.12732e-05,15.5382,30
1,3102,p1,167,2.51603e-05,15.5243,30
1,3103,p1,182,2.43387e-05,15.3544,30
1,3104,p1,123,2.62403e-05,15.3633,30
1,3105,p1,101,2.69684e-05,15.5938,30
1,3106,p1,124,2.65271e-05,15.4981,30
1,3107,p1,139,2.4368e-05,15.558,30
1,3108,p1,131,2.68551e-05,15.6816,30
1,3109,p1,107,2.80107e-05,15.7751,30
1,3110,p1,125,2.9296e-05,15.706,30
1,3111,p1,178,3.14335e-05,15.7053,30
1,3112,p1,140,3.31551e-05,15.6621,30
1,3113,p1,135,2.76499e-05,15.8297,30
1,3114,p1,135,2.79471e-05,15.6689,30
1,3115,p1,160,3.01658e-05,15.8405,30
1,3116,p1,136,3.02833e-05,15.5393,30
1,3117,p1,131,2.86726e-05,15.4273,30
1,3118,p1,107,3.10542e-05,15.756,30
1,3119,p1,170,3.14979e-05,15.6235,30
1,3120,p1,131,3.28556e-05,15.748,30
1,3121,p1,101,2.57333e-05,15.8736,30
1,3122,p1,132,2.84372e-05,15.9722,30
1,3123,p1,160,2.60723e-05,15.7247,30
1,3124,p1,185,3.12177e-05,15.7674,30
1,3125,p1,147,2.7412e-05,15.6994,30
1,3126,p1,88,2.61809e-05,15.4368,30
1,3127,p1,136,2.82112e-05,15.4002,30
1,3128,p1,187,2.70758e-05,15.7479,30
1,3129,p1,85,2.92104e-05,15.5688,30
1,3130,p1,128,2.69809e-05,15.7667,30
1,3131,p1,117,2.68866e-05,15.6036,30
1,3132,p1,156,2.61444e-05,15.4982,30
1,3133,p1,125,3.12224e-05,15.3004,30
1,3134,p1,115,2.77879e-05,15.3433,30
1,3135,p1,109,2.69169e-05,15.4516,30
1,3136,p1,176,2.49848e-05,15.4933,30
1,3137,p1,141,2.90011e-05,15.1907,30
1,3138,p1,106,2.6748e-05,15.3412,30
1,3139,p1,141,2.93293e-05,15.3513,30
1,3140,p1,137,2.97371e-05,15.6889,30
1,3141,p1,111,3.0239e-05,15.1176,30
1,3142,p1,142,3.10665e-05,15.2819,30
1,3143,p1,133,3.05648e-05,15.294,30
1,3144,p1,125,3.25578e-05,15.2045,30
1,3145,p1,135,3.45995e-05,14.8974,30
1,3146,p1,131,3.56314e-05,14.7737,30
1,3147,p1,146,3.46681e-05,14.9917,30
1,3148,p1,150,3.54558e-05,14.9619,30
1,3149,p1,164,3.64783e-05,15.0127,30
1,3150,p1,116,3.7396e-05,14.9289,30
1,3151,p1,148,3.51943e-05,15.1024,30
1,3152,p1,146,3.05935e-05,15.4219,30
1,3153,p1,156,3.37558e-05,15.3056,30
1,3154,p1,121,3.15279e-05,15.312,30
1,3155,p1,176,2.92367e-05,15.2817,30
1,3156,p1,148,3.06499e-05,15.2238,30
1,3157,p1,117,3.48166e-05,15.0647,30
1,3158,p1,117,3.27376e-05,14.9529,30
1,3159,p1,136,3.18434e-05,15.1984,30
1,3160,p1,133,3.38818e-05,15.0987,30
1,3161,p1,131,3.60212e-05,14.8859,30
1,3162,p1,151,3.66769e-05,14.8428,30
1,3163,p1,140,3.5463e-05,14.6611,30
1,3164,p1,130,3.40009e-05,14.7762,30
1,3165,p1,108,2.92541e-05,14.9159,30
1,3166,p1,147,3.37262e-05,14.666,30
1,3167,p1,145,3.024e-05,14.7921,30
1,3168,p1,155,3.31563e-05,15.0066,30
1,3169,p1,135,3.51684e-05,14.8424,30
1,3170,p1,156,3.6642e-05,14.6082,30
1,3171,p1,128,3.32672e-05,14.8415,30
1,3172,p1,105,3.27039e-05,14.5388,30
1,3173,p1,105,3.87927e-05,14.4154,30
1,3174,p1,161,3.53966e-05,14.6211,30
1,3175,p1,125,3.24134e-05,14.4406,30
1,3176,p1,129,3.05156e-05,14.6492,30
1,3177,p1,123,2.89864e-05,14.7224,30
1,3178,p1,144,2.77047e-05,14.4808,30
1,3179,p1,100,3.2037e-05,14.5761,30
1,3180,p1,178,3.11225e-05,14.5939,30
1,3181,p1,149,2.96424e-05,14.7405,30
1,3182,p1,160,3.25486e-05,14.8122,30
1,3183,p1,156,3.46111e-05,15.0113,30
1,3184,p1,164,3.10178e-05,14.8552,30
1,3185,p1,81,3.34705e-05,14.6918,30
1,3186,p1,97,2.73058e-05,15.1471,30
1,3187,p1,139,3.22991e-05,14.7801,30
1,3188,p1,143,2.82559e-05,15.2149,30
1,3189,p1,111,2.7363e-05,14.9091,30
1,3190,p1,127,2.48881e-05,15.0075,30
1,3191,p1,164,2.71302e-05,15.0943,30
1,3192,p1,88,2.86467e-05,14.829,30
1,3193,p1,158,2.40174e-05,14.954,30
1,3194,p1,156,3.14094e-05,14.6675,30
1,3195,p1,141,3.43416e-05,14.7568,30
1,3196,p1,154,3.17575e-05,14.7619,30
1,3197,p1,144,3.39697e-05,14.5704,30
1,3198,p1,135,3.39915e-05,14.5515,30
1,3199,p1,104,3.19675e-05,14.6961,30
1,3200,p1,140,3.24903e-05,14.6965,30
1,3201,p1,126,3.66909e-05,14.3878,30
1,3202,p1,115,3.81894e-05,14.2805,30
1,3203,p1,130,4.12364e-05,14.2558,30
1,3204,p1,146,3.53791e-05,14.4869,30
1,3205,p1,116,4.34929e-05,14.1633,30
1,3206,p1,119,4.28727e-05,14.3292,30
1,3207,p1,153,3.9767e-05,14.7202,30
1,3208,p1,126,3.8458e-05,14.9543,30
1,3209,p1,117,3.91486e-05,14.5939,30
1,3210,p1,159,4.73488e-05,14.9717,30
1,3211,p1,133,4.26321e-05,15.9709,30
1,3212,p1,153,4.19678e-05,16.6754,30
1,3213,p1,126,4.33884e-05,17.0405,30
1,3214,p1,145,3.88495e-05,16.6611,30
1,3215,p1,125,4.36083e-05,17.166,30
1,3216,p1,161,4.08451e-05,17.6959,30
1,3217,p1,119,3.85192e-05,17.0777,30
1,3218,p1,154,3.30897e-05,16.7963,30
1,3219,p1,119,3.2998e-05,17.1295,30
1,3220,p1,123,3.19849e-05,17.5634,30
1,3221,p1,162,3.31758e-05,17.9898,30
1,3222,p1,146,2.86344e-05,17.5536,30
1,3223,p1,101,2.8459e-05,18.5849,30
1,3224,p1,111,3.00783e-05,18.4551,30
1,3225,p1,143,2.81244e-05,18.3197,30
1,3226,p1,125,2.65338e-05,18.5474,30
1,3227,p1,111,2.54651e-05,18.1669,30
1,3228,p1,136,2.92877e-05,18.8616,30
1,3229,p1,169,2.82765e-05,18.9028,30
1,3230,p1,141,2.57135e-05,18.3453,30
1,3231,p1,154,2.76596e-05,18.7447,30
1,3232,p1,121,2.71525e-05,19.7304,30
1,3233,p1,163,2.57038e-05,19.5022,30
1,3234,p1,154,2.62249e-05,19.2081,30
1,3235,p1,163,2.62616e-05,18.9409,30
1,3236,p1,76,2.58241e-05,19.3754,30
1,3237,p1,168,2.6033e-05,19.2626,30
1,3238,p1,153,2.7284e-05,18.7915,30
1,3239,p1,132,2.93916e-05,18.8075,30
1,3240,p1,202,2.84845e-05,18.4237,30
1,3241,p1,119,2.79744e-05,19.5313,30
1,3242,p1,107,2.68473e-05,19.8557,30
1,3243,p1,145,3.05408e-05,19.6461,30
1,3244,p1,181,2.92697e-05,19.2479,30
1,3245,p1,100,2.8888e-05,19.1157,30
1,3246,p1,134,2.78921e-05,19.6969,30
1,3247,p1,120,2.87142e-05,19.2772,30
1,3248,p1,144,2.67067e-05,18.8054,30
1,3249,p1,144,2.72729e-05,18.751,30
1,3250,p1,133,2.66004e-05,18.727,30
1,3251,p1,110,2.72793e-05,19.1834,30
1,3252,p1,126,2.74669e-05,19.3027,30
1,3253,p1,142,2.87064e-05,19.4536,30
1,3254,p1,129,2.88793e-05,19.0195,30
1,3255,p1,183,3.00858e-05,19.1052,30
1,3256,p1,144,2.96352e-05,18.8148,30
1,3257,p1,74,2.92641e-05,18.6136,30
1,3258,p1,126,3.14843e-05,18.9877,30
1,3259,p1,141,3.11486e-05,18.5633,30
1,3260,p1,104,2.90699e-05,18.5128,30
1,3261,p1,171,3.10054e-05,18.8394,30
1,3262,p1,126,3.20988e-05,19.2876,30
1,3263,p1,159,2.96857e-05,18.7923,30
1,3264,p1,157,3.09382e-05,19.3451,30
1,3265,p1,123,2.94114e-05,19.2694,30
1,3266,p1,108,3.01856e-05,19.5669,30
1,3267,p1,123,2.98245e-05,19.1834,30
1,3268,p1,166,3.10829e-05,19.7816,30
1,3269,p1,140,3.10125e-05,19.907,30
1,3270,p1,116,3.19293e-05,20.2197,30
1,3271,p1,114,3.24288e-05,20.6618,30
1,3272,p1,152,3.23396e-05,20.2481,30
1,3273,p1,165,2.99354e-05,19.6067,30
1,3274,p1,114,3.07168e-05,19.9482,30
1,3275,p1,127,3.13101e-05,19.6926,30
1,3276,p1,138,3.13366e-05,19.5576,30
1,3277,p1,155,3.12776e-05,19.8192,30
1,3278,p1,126,3.32354e-05,20.2805,30
1,3279,p1,136,3.28698e-05,20.2579,30
1,3280,p1,187,2.9712e-05,19.7326,30
1,3281,p1,108,2.52263e-05,18.9301,30
1,3282,p1,117,2.74016e-05,19.4224,30
1,3283,p1,134,2.92281e-05,19.7083,30
1,3284,p1,179,2.97266e-05,19.6739,30
1,3285,p1,153,2.7718e-05,19.458,30
1,3286,p1,129,2.74518e-05,19.2717,30
1,3287,p1,171,2.86608e-05,19.4588,30
1,3288,p1,151,2.97855e-05,19.9834,30
1,3289,p1,121,3.28277e-05,20.416,30
1,3290,p1,95,3.14416e-05,19.9148,30
1,3291,p1,174,3.17311e-05,20.2615,30
1,3292,p1,103,2.98746e-05,19.514,30
1,3293,p1,139,3.05253e-05,19.5547,30
1,3294,p1,189,2.86204e-05,19.0928,30
1,3295,p1,134,3.11305e-05,19.5321,30
1,3296,p1,110,2.65521e-05,18.7143,30
1,3297,p1,132,2.88639e-05,18.7582,30
1,3298,p1,131,2.64734e-05,18.6607,30
1,3299,p1,117,2.9756e-05,19.2272,30
1,3300,p1,119,2.94958e-05,18.9794,30
1,3301,p1,158,3.02964e-05,18.922,30
1,3302,p1,108,2.93896e-05,18.455,30
1,3303,p1,96,3.1122e-05,18.6583,30
1,3304,p1,161,2.71349e-05,18.2016,30
1,3305,p1,118,3.15197e-05,18.4409,30
1,3306,p1,115,2.61471e-05,18.091,30
1,3307,p1,158,2.58122e-05,17.781,30
1,3308,p1,141,2.43446e-05,17.6622,30
1,3309,p1,114,2.20737e-05,17.5789,30
1,3310,p1,144,3.13604e-05,18.1703,30
1,3311,p1,115,3.12144e-05,18.5228,30
1,3312,p1,137,3.14487e-05,18.6432,30
1,3313,p1,124,3.35988e-05,18.7509,30
1,3314,p1,138,3.30716e-05,18.3947,30
1,3315,p1,115,3.56696e-05,18.711,30
1,3316,p1,150,3.62987e-05,19.3384,30
1,3317,p1,153,3.44664e-05,18.5982,30
1,3318,p1,103,3.48393e-05,18.5526,30
1,3319,p1,175,3.37112e-05,18.3337,30
1,3320,p1,93,3.59128e-05,18.3618,30
1,3321,p1,135,3.5223e-05,18.5151,30
1,3322,p1,129,3.68487e-05,18.5679,30
1,3323,p1,145,3.65363e-05,18.272,30
1,3324,p1,88,3.85105e-05,18.5887,30
1,3325,p1,151,4.0377e-05,18.6623,30
1,3326,p1,166,3.8104e-05,18.7504,30
1,3327,p1,159,4.29995e-05,18.7723,30
1,3328,p1,137,4.00011e-05,18.8782,30
1,3329,p1,164,3.77402e-05,18.9727,30
1,3330,p1,184,4.12016e-05,19.2071,30
1,3331,p1,90,4.4558e-05,20.0831,30
1,3332,p1,106,4.62309e-05,20.0821,30
1,3333,p1,132,4.79304e-05,20.8055,30
1,3334,p1,135,4.71687e-05,21.9797,30
1,3335,p1,125,4.50736e-05,22.3066,30
1,3336,p1,196,4.55004e-05,21.94,30
1,3337,p1,112,4.59702e-05,23.9625,30
1,3338,p1,142,4.28439e-05,24.2904,30
1,3339,p1,210,3.65558e-05,25.818,30
1,3340,p1,283,2.90838e-05,27.6338,30
1,3341,p1,317,1.87718e-05,29.2031,30
1,3342,p1,570,1.75413e-05,29.5176,30
1,3343,p1,1075,1.67205e-05,29.5371,30
1,3344,p1,1250,1.63675e-05,29.5773,30
1,3345,p1,1223,1.7226e-05,29.5418,30
1,3346,p1,1163,1.69866e-05,29.5897,30
1,3347,p1,1185,1.64254e-05,29.6179,30
1,3348,p1,1304,1.54363e-05,29.6067,30
1,3349,p1,1245,1.52666e-05,29.6249,30
1,3350,p1,1135,1.40497e-05,29.6301,30
1,3351,p1,1260,1.3706e-05,29.6327,30
1,3352,p1,1399,1.53708e-05,29.666,30
1,3353,p1,1094,1.63328e-05,29.6414,30
1,3354,p1,1182,1.51328e-05,29.6555,30
1,3355,p1,1307,1.64983e-05,29.6956,30
1,3356,p1,1233,1.75183e-05,29.6982,30
1,3357,p1,1214,1.70485e-05,29.7244,30
1,3358,p1,1276,1.6925e-05,29.7554,30
1,3359,p1,1202,1.78738e-05,29.7728,30
1,3360,p1,1177,1.58377e-05,29.762,30
1,3361,p1,1263,1.58568e-05,29.7656,30
1,3362,p1,1266,1.5973e-05,29.7588,30
1,3363,p1,1215,1.72876e-05,29.7839,30
1,3364,p1,1237,1.59091e-05,29.7611,30
1,3365,p1,1254,1.72264e-05,29.759,30
1,3366,p1,1252,1.70119e-05,29.8057,30
1,3367,p1,1319,1.58112e-05,29.7775,30
1,3368,p1,1110,1.47509e-05,29.7885,30
1,3369,p1,1253,1.61295e-05,29.8204,30
1,3370,p1,1192,1.58888e-05,29.8257,30
1,3371,p1,1292,1.58631e-05,29.8136,30
1,3372,p1,1215,1.47204e-05,29.829,30
1,3373,p1,1261,1.49854e-05,29.8085,30
1,3374,p1,1228,1.48637e-05,29.8378,30
1,3375,p1,1279,1.46391e-05,29.815,30
1,3376,p1,1147,1.47165e-05,29.8076,30
1,3377,p1,1415,1.43732e-05,29.7972,30
1,3378,p1,1112,1.34852e-05,29.7983,30
1,3379,p1,1206,1.49214e-05,29.8307,30
1,3380,p1,1297,1.34479e-05,29.7979,30
1,3381,p1,1397,1.43275e-05,29.8203,30
1,3382,p1,1235,1.47073e-05,29.8521,30
1,3383,p1,1329,1.49342e-05,29.8438,30
1,3384,p1,1277,1.49532e-05,29.835,30
1,3385,p1,1414,1.43902e-05,29.8321,30
1,3386,p1,1244,1.45114e-05,29.8401,30
1,3387,p1,1170,1.53063e-05,29.8294,30
1,3388,p1,1231,1.60517e-05,29.8254,30
1,3389,p1,1250,1.5482e-05,29.8896,30
1,3390,p1,1413,1.59346e-05,29.8608,30
1,3391,p1,1134,1.73122e-05,29.8614,30
1,3392,p1,1300,1.76325e-05,29.8921,30
1,3393,p1,1244,1.83077e-05,29.8687,30
1,3394,p1,1308,1.96052e-05,29.894,30
1,3395,p1,1439,1.87569e-05,29.892,30
1,3396,p1,1245,1.93717e-05,29.9038,30
1,3397,p1,1410,2.01297e-05,29.9206,30
1,3398,p1,1322,2.00147e-05,29.9015,30
1,3399,p1,1284,2.00527e-05,29.899,30
1,3400,p1,1253,2.05136e-05,29.8976,30
1,3401,p1,1255,2.19382e-05,29.8947,30
1,3402,p1,1176,2.14092e-05,29.9446,30
1,3403,p1,1345,2.10927e-05,29.9186,30
1,3404,p1,1187,2.06749e-05,29.9151,30
1,3405,p1,1336,2.05975e-05,29.9415,30
1,3406,p1,1187,1.99311e-05,29.9208,30
1,3407,p1,1272,1.88624e-05,29.8867,30
1,3408,p1,1345,2.01165e-05,29.937,30
1,3409,p1,1270,2.08079e-05,29.9075,30
1,3410,p1,1241,2.03335e-05,29.9081,30
1,3411,p1,1417,2.11923e-05,29.9177,30
1,3412,p1,1302,2.09106e-05,29.902,30
1,3413,p1,1318,2.02744e-05,29.926,30
1,3414,p1,1295,2.05836e-05,29.9096,30
1,3415,p1,1152,2.14644e-05,29.9231,30
1,3416,p1,1412,2.08947e-05,29.8917,30
1,3417,p1,1383,2.1978e-05,29.9016,30
1,3418,p1,1242,2.11756e-05,29.9044,30
1,3419,p1,1232,2.41148e-05,29.946,30
1,3420,p1,1236,2.30786e-05,29.933,30
1,3421,p1,1320,2.20351e-05,29.9168,30
1,3422,p1,1307,2.21237e-05,29.9414,30
1,3423,p1,1279,2.30875e-05,29.9496,30
1,3424,p1,1327,2.28121e-05,29.9583,30
1,3425,p1,1378,2.3347e-05,29.9632,30
1,3426,p1,1218,2.344e-05,30.0095,30
1,3427,p1,1349,2.19467e-05,29.9824,30
1,3428,p1,1323,2.25835e-05,29.9687,30
1,3429,p1,1228,2.17574e-05,29.98,30
1,3430,p1,1275,2.21788e-05,29.9925,30
1,3431,p1,1333,2.08292e-05,29.9651,30
1,3432,p1,1400,1.90604e-05,29.9561,30
1,3433,p1,1263,2.16627e-05,29.9503,30
1,3434,p1,1265,2.10739e-05,29.9456,30
1,3435,p1,1324,2.07527e-05,29.9371,30
1,3436,p1,1280,2.05461e-05,29.9555,30
1,3437,p1,1379,2.04352e-05,29.9565,30
1,3438,p1,1336,2.04295e-05,29.9432,30
1,3439,p1,1323,1.99906e-05,29.9322,30
1,3440,p1,1288,2.03778e-05,29.9372,30
1,3441,p1,1315,2.02223e-05,29.942,30
1,3442,p1,1330,1.98382e-05,29.9263,30
1,3443,p1,1361,2.0434e-05,29.9194,30
1,3444,p1,1330,2.09988e-05,29.9253,30
1,3445,p1,1175,2.12551e-05,29.918,30
1,3446,p1,1316,2.06201e-05,29.9233,30
1,3447,p1,1373,2.10953e-05,29.9371,30
1,3448,p1,1273,2.11386e-05,29.9451,30
1,3449,p1,1324,2.04004e-05,29.9301,30
1,3450,p1,1311,2.11358e-05,29.9377,30
1,3451,p1,1351,2.14108e-05,29.929,30
1,3452,p1,1200,2.2602e-05,29.9364,30
1,3453,p1,1381,2.18552e-05,29.9329,30
1,3454,p1,1329,2.32991e-05,29.9401,30
1,3455,p1,1190,2.26196e-05,29.9388,30
1,3456,p1,1305,2.27202e-05,29.9401,30
1,3457,p1,1258,2.21889e-05,29.9205,30
1,3458,p1,1439,2.23486e-05,29.9221,30
1,3459,p1,1205,2.28589e-05,29.9336,30
1,3460,p1,1333,2.19292e-05,29.9382,30
1,3461,p1,1383,2.20025e-05,29.9606,30
1,3462,p1,1306,2.23589e-05,29.9317,30
1,3463,p1,1387,2.2818e-05,29.9224,30
1,3464,p1,1264,2.29947e-05,29.9141,30
1,3465,p1,1185,2.22871e-05,29.9275,30
1,3466,p1,1263,2.26735e-05,29.9187,30
1,3467,p1,1300,2.31701e-05,29.8803,30
1,3468,p1,1234,2.38936e-05,29.9249,30
1,3469,p1,1330,2.36371e-05,29.9406,30
1,3470,p1,1341,2.43249e-05,29.9526,30
1,3471,p1,1428,2.41937e-05,29.9506,30
1,3472,p1,1133,2.40021e-05,29.962,30
1,3473,p1,1296,2.51809e-05,29.9416,30
1,3474,p1,1446,2.54332e-05,29.9232,30
1,3475,p1,1233,2.47761e-05,29.9216,30
1,3476,p1,1257,2.54151e-05,29.9127,30
1,3477,p1,1324,2.57372e-05,29.9464,30
1,3478,p1,1459,2.70575e-05,29.9379,30
1,3479,p1,1207,2.722e-05,29.9604,30
1,3480,p1,1189,2.70464e-05,29.9457,30
1,3481,p1,1445,2.75787e-05,29.9527,30
1,3482,p1,1260,2.69565e-05,29.9539,30
1,3483,p1,1277,2.72764e-05,29.9351,30
1,3484,p1,1258,2.77369e-05,29.9328,30
1,3485,p1,1252,2.75385e-05,29.9419,30
1,3486,p1,1324,2.77969e-05,29.9625,30
1,3487,p1,1449,2.77671e-05,29.951,30
1,3488,p1,1207,2.91493e-05,29.9395,30
1,3489,p1,1209,2.89602e-05,29.9403,30
1,3490,p1,1355,2.85455e-05,29.9519,30
1,3491,p1,1193,2.89932e-05,29.9568,30
1,3492,p1,1294,2.89793e-05,29.9581,30
1,3493,p1,1293,2.9611e-05,29.9562,30
1,3494,p1,1407,2.98977e-05,29.9373,30
1,3495,p1,1298,3.06491e-05,29.9424,30
1,3496,p1,1212,3.07182e-05,29.949,30
1,3497,p1,1275,3.00449e-05,29.9204,30
1,3498,p1,1464,3.0797e-05,29.9594,30
1,3499,p1,1314,3.11497e-05,29.9224,30
1,3500,p1,1195,3.05635e-05,29.9084,30
1,3501,p1,1451,3.04515e-05,29.9217,30
1,3502,p1,1236,3.10643e-05,29.8942,30
1,3503,p1,1342,3.11707e-05,29.9264,30
1,3504,p1,1441,3.09045e-05,29.9229,30
1,3505,p1,1319,3.13099e-05,29.9052,30
1,3506,p1,1379,3.2084e-05,29.9355,30
1,3507,p1,1435,3.19328e-05,29.9421,30
1,3508,p1,1191,3.25663e-05,29.9406,30
1,3509,p1,1270,3.20808e-05,29.9532,30
1,3510,p1,1303,3.30968e-05,29.9651,30
1,3511,p1,1296,3.29893e-05,29.9694,30
1,3512,p1,1257,3.23992e-05,29.97,30
1,3513,p1,1453,3.27987e-05,29.9853,30
1,3514,p1,1094,3.23926e-05,29.9707,30
1,3515,p1,1295,3.26369e-05,29.9728,30
1,3516,p1,1353,3.2526e-05,29.9684,30
1,3517,p1,1217,3.20009e-05,29.9818,30
1,3518,p1,1291,3.24926e-05,29.9628,30
1,3519,p1,1366,3.2663e-05,29.9542,30
1,3520,p1,1341,3.41142e-05,29.9633,30
1,3521,p1,1291,3.33447e-05,29.9639,30
1,3522,p1,1360,3.37075e-05,29.9439,30
1,3523,p1,1283,3.40479e-05,29.9434,30
1,3524,p1,1256,3.39562e-05,29.9671,30
1,3525,p1,1469,3.44097e-05,29.9197,30
1,3526,p1,1358,3.41634e-05,29.9015,30
1,3527,p1,1134,3.36587e-05,29.914,30
1,3528,p1,1382,3.4758e-05,29.9299,30
1,3529,p1,1315,3.42508e-05,29.9473,30
1,3530,p1,1247,3.42176e-05,29.9154,30
1,3531,p1,1322,3.39863e-05,29.9504,30
1,3532,p1,1278,3.44303e-05,29.969,30
1,3533,p1,1322,3.45454e-05,29.9642,30
1,3534,p1,1303,3.43741e-05,29.9784,30
1,3535,p1,1284,3.47908e-05,29.966,30
1,3536,p1,1366,3.50746e-05,29.9545,30
1,3537,p1,1243,3.48562e-05,29.9535,30
1,3538,p1,1317,3.51702e-05,29.9552,30
1,3539,p1,1285,3.58863e-05,29.9537,30
1,3540,p1,1265,3.58858e-05,29.9832,30
1,3541,p1,1401,3.54868e-05,29.98,30
1,3542,p1,1448,3.59618e-05,29.9793,30
1,3543,p1,1320,3.70066e-05,29.9614,30
1,3544,p1,1285,3.69092e-05,29.9934,30
1,3545,p1,1218,3.65458e-05,29.9676,30
1,3546,p1,1329,3.68448e-05,29.9793,30
1,3547,p1,1269,3.67238e-05,29.9824,30
1,3548,p1,1216,3.69992e-05,29.967,30
1,3549,p1,1324,3.6698e-05,29.9862,30
1,3550,p1,1337,3.76228e-05,29.9845,30
1,3551,p1,1373,3.82053e-05,29.9703,30
1,3552,p1,1317,3.8416e-05,29.9823,30
1,3553,p1,1249,3.92938e-05,29.9669,30
1,3554,p1,1529,3.8674e-05,29.977,30
1,3555,p1,1213,3.87258e-05,29.9631,30
1,3556,p1,1252,3.83408e-05,29.9866,30
1,3557,p1,1209,3.88471e-05,29.9726,30
1,3558,p1,1254,3.83073e-05,29.9894,30
1,3559,p1,1286,3.90141e-05,29.9996,30
1,3560,p1,1373,3.86811e-05,29.9986,30
1,3561,p1,1360,3.88871e-05,29.9749,30
1,3562,p1,1238,3.83399e-05,29.9637,30
1,3563,p1,1192,3.88853e-05,29.9932,30
1,3564,p1,1467,3.91407e-05,30.0005,30
1,3565,p1,1114,3.79982e-05,30.006,30
1,3566,p1,1296,3.80078e-05,30.0123,30
1,3567,p1,1241,3.81985e-05,29.9945,30
1,3568,p1,1159,3.78682e-05,29.9926,30
1,3569,p1,1363,3.79638e-05,29.9924,30
1,3570,p1,1378,3.81354e-05,30.0046,30
1,3571,p1,1247,3.81218e-05,30.0196,30
1,3572,p1,1168,3.8673e-05,29.9788,30
1,3573,p1,1367,3.93037e-05,29.9872,30
1,3574,p1,1316,3.88939e-05,29.99,30
1,3575,p1,1163,3.85913e-05,29.9793,30
1,3576,p1,1362,3.90419e-05,29.9858,30
1,3577,p1,1429,3.93587e-05,29.9835,30
1,3578,p1,1310,3.97186e-05,29.9664,30
1,3579,p1,1296,3.89381e-05,29.9932,30
1,3580,p1,1227,3.9393e-05,29.9779,30
1,3581,p1,1280,3.94945e-05,29.9809,30
1,3582,p1,1332,3.99498e-05,29.9887,30
1,3583,p1,1325,3.94869e-05,29.9715,30
1,3584,p1,1212,3.95576e-05,29.9695,30
1,3585,p1,1254,3.99272e-05,29.9616,30
1,3586,p1,1345,3.94902e-05,29.962,30
1,3587,p1,1303,3.84539e-05,29.9742,30
1,3588,p1,1344,3.77638e-05,29.974,30
1,3589,p1,1464,3.79927e-05,29.9592,30
1,3590,p1,1345,3.8638e-05,29.9597,30
1,3591,p1,1254,3.84881e-05,30.0043,30
1,3592,p1,1326,3.84667e-05,29.9706,30
1,3593,p1,1252,3.90528e-05,29.9783,30
1,3594,p1,1380,3.91284e-05,29.9663,30
1,3595,p1,1339,3.81371e-05,29.9558,30
1,3596,p1,1404,3.7497e-05,29.9942,30
1,3597,p1,1265,3.84897e-05,29.9934,30
1,3598,p1,1329,3.91185e-05,29.975,30
1,3599,p1,1203,3.92392e-05,29.9887,30
1,3600,p1,1340,3.92068e-05,30.0177,30
1,3601,p1,1290,3.96781e-05,30.05,30
1,3602,p1,1276,3.88957e-05,30.0159,30
1,3603,p1,1419,3.96363e-05,30.0172,30
1,3604,p1,1291,3.88875e-05,29.9996,30
1,3605,p1,1235,3.78061e-05,29.9885,30
1,3606,p1,1331,3.84777e-05,29.9969,30
1,3607,p1,1367,3.93522e-05,30.0039,30
1,3608,p1,1348,3.78341e-05,30.006,30
1,3609,p1,1379,3.81126e-05,30.0122,30
1,3610,p1,1258,3.81887e-05,30.0063,30
1,3611,p1,1278,3.7844e-05,29.9833,30
1,3612,p1,1358,3.87936e-05,30.0122,30
1,3613,p1,1416,3.89297e-05,29.9964,30
1,3614,p1,1184,3.79173e-05,30.0067,30
1,3615,p1,1241,3.83748e-05,30.0019,30
1,3616,p1,1532,3.77913e-05,30.0104,30
1,3617,p1,1215,3.81863e-05,30.0147,30
1,3618,p1,1300,3.74969e-05,29.9887,30
1,3619,p1,1318,3.64985e-05,29.9682,30
1,3620,p1,1434,3.66248e-05,29.9712,30
1,3621,p1,1228,3.72292e-05,29.9944,30
1,3622,p1,1392,3.71482e-05,29.9804,30
1,3623,p1,1378,3.63478e-05,29.9826,30
1,3624,p1,1290,3.62853e-05,29.9962,30
1,3625,p1,1217,3.58645e-05,30.0035,30
1,3626,p1,1415,3.56469e-05,29.9904,30
1,3627,p1,1351,3.65277e-05,30.0075,30
1,3628,p1,1307,3.61464e-05,29.9996,30
1,3629,p1,1513,3.5989e-05,30.0162,30
1,3630,p1,1405,3.65252e-05,30.0209,30
1,3631,p1,1049,3.72448e-05,30.0028,30
1,3632,p1,1359,3.79738e-05,29.9985,30
1,3633,p1,1227,3.68139e-05,30.0294,30
1,3634,p1,1339,3.64717e-05,30.0139,30
1,3635,p1,1325,3.68769e-05,30.0352,30
1,3636,p1,1366,3.70649e-05,30.0138,30
1,3637,p1,1294,3.67935e-05,30.0053,30
1,3638,p1,1267,3.7342e-05,30.0114,30
1,3639,p1,1397,3.6884e-05,30.0003,30
1,3640,p1,1390,3.67607e-05,30.0094,30
1,3641,p1,1307,3.64492e-05,30.0083,30
1,3642,p1,1208,3.74094e-05,30.0261,30
1,3643,p1,1392,3.74567e-05,30.0266,30
1,3644,p1,1413,3.79813e-05,30.0239,30
1,3645,p1,1246,3.84834e-05,30.0135,30
1,3646,p1,1286,3.84005e-05,30.0139,30
1,3647,p1,1242,3.83047e-05,29.9801,30
1,3648,p1,1435,3.9222e-05,29.9746,30
1,3649,p1,1133,3.85661e-05,29.9952,30
1,3650,p1,1363,3.93326e-05,30.0066,30
1,3651,p1,1314,3.95864e-05,30.0266,30
1,3652,p1,1236,3.84615e-05,30.0054,30
1,3653,p1,1380,3.87803e-05,30.008,30
1,3654,p1,1269,3.79376e-05,30.0017,30
1,3655,p1,1122,3.80776e-05,30.0176,30
1,3656,p1,1460,3.76512e-05,30.018,30
1,3657,p1,1338,3.75143e-05,30.0075,30
1,3658,p1,1145,3.81559e-05,30.0005,30
1,3659,p1,1363,3.80042e-05,30.0051,30
1,3660,p1,1293,3.77137e-05,29.98,30
1,3661,p1,1354,3.62526e-05,29.971,30
1,3662,p1,1326,3.71482e-05,30.001,30
1,3663,p1,1371,3.63171e-05,29.9889,30
1,3664,p1,1359,3.66234e-05,30.0068,30
1,3665,p1,1272,3.57535e-05,29.9583,30
1,3666,p1,1291,3.47963e-05,29.9691,30
1,3667,p1,1236,3.46852e-05,29.9867,30
1,3668,p1,1399,3.51824e-05,29.947,30
1,3669,p1,1235,3.63391e-05,29.9911,30
1,3670,p1,1354,3.6909e-05,29.9688,30
1,3671,p1,1272,3.67021e-05,29.9735,30
1,3672,p1,1239,3.70071e-05,29.9323,30
1,3673,p1,1241,3.67631e-05,29.961,30
1,3674,p1,1380,3.58433e-05,29.948,30
1,3675,p1,1355,3.68474e-05,29.9385,30
1,3676,p1,1189,3.81071e-05,29.9555,30
1,3677,p1,1147,3.70084e-05,29.9461,30
1,3678,p1,1285,3.76121e-05,29.9581,30
1,3679,p1,1420,3.72717e-05,29.98,30
1,3680,p1,1207,3.72428e-05,29.9578,30
1,3681,p1,1343,3.7593e-05,29.9461,30
1,3682,p1,1371,3.79287e-05,29.942,30
1,3683,p1,1206,3.80347e-05,29.9632,30
1,3684,p1,1308,3.88531e-05,29.9494,30
1,3685,p1,1322,3.80345e-05,29.9813,30
1,3686,p1,1296,3.67638e-05,29.9677,30
1,3687,p1,1304,3.72877e-05,29.971,30
1,3688,p1,1189,3.73843e-05,29.9759,30
1,3689,p1,1392,3.65996e-05,30.0088,30
1,3690,p1,1310,3.73993e-05,29.9733,30
1,3691,p1,1314,3.74188e-05,29.9702,30
1,3692,p1,1318,3.66196e-05,29.9853,30
1,3693,p1,1314,3.75958e-05,30.0233,30
1,3694,p1,1173,3.66016e-05,30.0299,30
1,3695,p1,1426,3.60723e-05,30.0318,30
1,3696,p1,1314,3.68139e-05,30.019,30
1,3697,p1,1391,3.65557e-05,30.011,30
1,3698,p1,1257,3.58018e-05,29.9842,30
1,3699,p1,1349,3.63392e-05,29.9762,30
1,3700,p1,1254,3.68264e-05,29.9715,30
1,3701,p1,1268,3.68184e-05,29.9833,30
1,3702,p1,1343,3.62992e-05,29.9935,30
1,3703,p1,1370,3.68088e-05,29.9628,30
1,3704,p1,1384,3.70668e-05,29.9905,30
1,3705,p1,1294,3.65881e-05,29.9867,30
1,3706,p1,1179,3.71733e-05,29.9706,30
1,3707,p1,1399,3.66805e-05,29.9767,30
1,3708,p1,1284,3.69626e-05,29.9725,30
1,3709,p1,1221,3.62301e-05,29.9917,30
1,3710,p1,1364,3.55686e-05,29.9883,30
1,3711,p1,1426,3.65967e-05,29.9877,30
1,3712,p1,1333,3.61844e-05,30.0026,30
1,3713,p1,1258,3.65288e-05,29.986,30
1,3714,p1,1330,3.74309e-05,29.9669,30
1,3715,p1,1380,3.80034e-05,29.9494,30
1,3716,p1,1282,3.72018e-05,29.9525,30
1,3717,p1,1384,3.81999e-05,29.9581,30
1,3718,p1,1359,3.77832e-05,29.9542,30
1,3719,p1,1375,3.7817e-05,29.9748,30
1,3720,p1,1350,3.74207e-05,29.9725,30
1,3721,p1,1303,3.79381e-05,29.97,30
1,3722,p1,1297,3.81281e-05,29.9806,30
1,3723,p1,1305,3.83818e-05,30.0027,30
1,3724,p1,1345,3.79777e-05,29.9789,30
1,3725,p1,1298,3.82975e-05,29.9971,30
1,3726,p1,1284,3.83956e-05,29.999,30
1,3727,p1,1375,3.87152e-05,29.9916,30
1,3728,p1,1264,3.88917e-05,29.999,30
1,3729,p1,1346,3.76429e-05,30.0043,30
1,3730,p1,1292,3.84703e-05,30.0143,30
1,3731,p1,1373,3.85017e-05,30.0149,30
1,3732,p1,1231,3.78973e-05,30.0121,30
1,3733,p1,1321,3.72596e-05,30.0114,30
1,3734,p1,1439,3.69535e-05,30.0245,30
1,3735,p1,1314,3.78059e-05,30.0124,30
1,3736,p1,1306,3.73329e-05,30.0233,30
1,3737,p1,1328,3.80693e-05,30.0337,30
1,3738,p1,1354,3.86799e-05,30.0266,30
1,3739,p1,1268,3.8063e-05,30.0366,30
1,3740,p1,1299,3.72695e-05,30.0322,30
1,3741,p1,1470,3.79104e-05,30.0259,30
1,3742,p1,1334,3.82656e-05,30.0083,30
1,3743,p1,1385,3.8077e-05,30.0148,30
1,3744,p1,1406,3.85127e-05,30.0249,30
1,3745,p1,1171,3.79988e-05,30.0123,30
1,3746,p1,1419,3.8237e-05,30.0014,30
1,3747,p1,1411,3.83601e-05,30.0215,30
1,3748,p1,1355,3.72862e-05,30.0436,30
1,3749,p1,1238,3.86389e-05,30.0496,30
1,3750,p1,1296,3.82499e-05,30.0068,30
1,3751,p1,1195,3.80006e-05,30.0063,30
1,3752,p1,1367,3.8189e-05,30.0034,30
1,3753,p1,1326,3.741e-05,30.006,30
1,3754,p1,1346,3.71186e-05,30,30
1,3755,p1,1259,3.7056e-05,30.0095,30
1,3756,p1,1414,3.76649e-05,30.0134,30
1,3757,p1,1420,3.65546e-05,30.0092,30
1,3758,p1,1296,3.82267e-05,30.017,30
1,3759,p1,1206,3.77776e-05,29.9803,30
1,3760,p1,1347,3.82062e-05,29.9944,30
1,3761,p1,1280,3.81729e-05,30.0112,30
1,3762,p1,1283,3.8383e-05,29.9844,30
1,3763,p1,1285,3.85532e-05,29.9922,30
1,3764,p1,1293,3.79426e-05,30.0062,30
1,3765,p1,1334,3.77257e-05,29.9964,30
1,3766,p1,1190,3.75251e-05,29.9953,30
1,3767,p1,1190,3.71173e-05,30.0263,30
1,3768,p1,1359,3.69947e-05,30.0226,30
1,3769,p1,1381,3.78339e-05,30.0316,30
1,3770,p1,1334,3.79503e-05,30.0227,30
1,3771,p1,1298,3.77784e-05,30.0282,30
1,3772,p1,1278,3.74748e-05,29.9993,30
1,3773,p1,1472,3.82122e-05,30.0028,30
1,3774,p1,1284,3.80273e-05,30.0092,30
1,3775,p1,1224,3.7312e-05,30.0105,30
1,3776,p1,1422,3.70547e-05,29.9927,30
1,3777,p1,1242,3.71964e-05,30.0274,30
1,3778,p1,1270,3.69937e-05,30.0285,30
1,3779,p1,1296,3.71801e-05,30.0119,30
1,3780,p1,1331,3.71459e-05,30.027,30
1,3781,p1,1210,3.67673e-05,30.0411,30
1,3782,p1,1270,3.85544e-05,30.0721,30
1,3783,p1,1339,3.89183e-05,30.0323,30
1,3784,p1,1210,3.8918e-05,30.0474,30
1,3785,p1,1302,3.85948e-05,30.0481,30
1,3786,p1,1370,3.88533e-05,30.0406,30
1,3787,p1,1362,3.911e-05,30.0302,30
1,3788,p1,1266,3.92693e-05,30.0137,30
1,3789,p1,1259,3.93319e-05,30.0433,30
1,3790,p1,1349,3.89423e-05,30.0272,30
1,3791,p1,1256,3.81085e-05,30.0069,30
1,3792,p1,1423,3.80133e-05,30.013,30
1,3793,p1,1349,3.83854e-05,30.0187,30
1,3794,p1,1330,3.83029e-05,30.0352,30
1,3795,p1,1171,3.75713e-05,29.995,30
1,3796,p1,1243,3.78974e-05,29.9999,30
1,3797,p1,1401,3.75055e-05,29.9906,30
1,3798,p1,1314,3.76154e-05,29.9836,30
1,3799,p1,1349,3.71222e-05,29.9928,30
1,3800,p1,1314,3.70814e-05,29.9973,30
1,3801,p1,1174,3.71033e-05,29.9775,30
1,3802,p1,1245,3.79856e-05,29.9795,30
1,3803,p1,1308,3.71701e-05,29.9732,30
1,3804,p1,1375,3.70265e-05,29.9906,30
1,3805,p1,1289,3.65837e-05,29.9852,30
1,3806,p1,1227,3.68648e-05,29.9771,30
1,3807,p1,1360,3.72313e-05,29.9725,30
1,3808,p1,1398,3.63887e-05,29.9741,30
1,3809,p1,1361,3.68468e-05,29.9834,30
1,3810,p1,1424,3.71741e-05,30.0004,30
1,3811,p1,1257,3.62161e-05,29.993,30
1,3812,p1,1389,3.6456e-05,29.979,30
1,3813,p1,1302,3.64195e-05,29.9506,30
1,3814,p1,1400,3.70171e-05,29.9933,30
1,3815,p1,1332,3.6775e-05,29.9993,30
1,3816,p1,1366,3.70486e-05,29.9816,30
1,3817,p1,1379,3.73106e-05,29.9787,30
1,3818,p1,1381,3.72424e-05,30.0199,30
1,3819,p1,1238,3.76878e-05,30.0329,30
1,3820,p1,1217,3.66663e-05,30.0052,30
1,3821,p1,1420,3.78019e-05,30.0278,30
1,3822,p1,1323,3.69126e-05,30.0222,30
1,3823,p1,1153,3.65235e-05,30.0176,30
1,3824,p1,1369,3.77199e-05,30.0217,30
1,3825,p1,1308,3.78793e-05,30.0265,30
1,3826,p1,1350,3.79331e-05,30.0326,30
1,3827,p1,1411,3.86495e-05,29.9987,30
1,3828,p1,1240,3.9192e-05,30.0183,30
1,3829,p1,1331,3.87097e-05,30.0008,30
1,3830,p1,1244,3.90466e-05,29.9981,30
1,3831,p1,1250,3.7977e-05,30.0242,30
1,3832,p1,1308,3.82214e-05,30.0199,30
1,3833,p1,1316,3.77772e-05,30.0304,30
1,3834,p1,1300,3.72638e-05,30.0067,30
1,3835,p1,1426,3.71618e-05,30.0237,30
1,3836,p1,1246,3.73896e-05,30.0494,30
1,3837,p1,1261,3.73242e-05,30.0341,30
1,3838,p1,1275,3.71799e-05,30.0283,30
1,3839,p1,1174,3.67569e-05,30.0293,30
1,3840,p1,1510,3.71617e-05,30.0362,30
1,3841,p1,1331,3.60182e-05,30.0272,30
1,3842,p1,1210,3.59144e-05,30.0141,30
1,3843,p1,1280,3.5572e-05,30.0188,30
1,3844,p1,1430,3.5986e-05,30.0258,30
1,3845,p1,1258,3.51131e-05,30.0197,30
1,3846,p1,1320,3.52138e-05,30.0507,30
1,3847,p1,1385,3.55966e-05,30.0185,30
1,3848,p1,1388,3.57348e-05,29.9959,30
1,3849,p1,1217,3.57007e-05,29.9878,30
1,3850,p1,1436,3.59079e-05,29.9907,30
1,3851,p1,1298,3.5747e-05,30.0047,30
1,3852,p1,1175,3.67156e-05,29.9918,30
1,3853,p1,1408,3.70721e-05,30.01,30
1,3854,p1,1181,3.70894e-05,29.979,30
1,3855,p1,1299,3.63925e-05,29.9977,30
1,3856,p1,1249,3.63028e-05,30.0033,30
1,3857,p1,1335,3.63849e-05,30.0041,30
1,3858,p1,1153,3.63275e-05,29.9845,30
1,3859,p1,1364,3.57787e-05,30.0029,30
1,3860,p1,1378,3.57996e-05,29.9983,30
1,3861,p1,1265,3.64178e-05,29.9909,30
1,3862,p1,1224,3.72181e-05,29.9687,30
1,3863,p1,1364,3.77177e-05,29.9629,30
1,3864,p1,1290,3.85861e-05,29.9637,30
1,3865,p1,1442,3.78786e-05,29.9936,30
1,3866,p1,1256,3.85562e-05,29.9727,30
1,3867,p1,1333,3.87849e-05,29.9732,30
1,3868,p1,1339,3.87488e-05,29.9687,30
1,3869,p1,1371,3.76879e-05,29.9796,30
1,3870,p1,1297,3.85654e-05,29.9547,30
1,3871,p1,1309,3.9271e-05,29.9695,30
1,3872,p1,1352,3.92298e-05,29.9614,30
1,3873,p1,1229,3.9217e-05,29.9554,30
1,3874,p1,1358,3.83057e-05,29.9586,30
1,3875,p1,1400,3.84698e-05,29.9536,30
1,3876,p1,1230,3.88643e-05,29.9551,30
1,3877,p1,1295,3.977e-05,29.9621,30
1,3878,p1,1415,3.89053e-05,29.9709,30
1,3879,p1,1379,3.89583e-05,29.9951,30
1,3880,p1,1238,3.9049e-05,29.9991,30
1,3881,p1,1342,3.98105e-05,29.9938,30
1,3882,p1,1312,3.97924e-05,29.9741,30
1,3883,p1,1372,3.89019e-05,29.969,30
1,3884,p1,1327,3.9842e-05,29.9858,30
1,3885,p1,1491,3.9246e-05,30.0085,30
1,3886,p1,1288,3.88787e-05,29.9765,30
1,3887,p1,1311,3.87938e-05,29.9833,30
1,3888,p1,1412,3.96992e-05,29.9953,30
1,3889,p1,1378,4.02575e-05,29.9792,30
1,3890,p1,1234,3.96589e-05,29.9874,30
1,3891,p1,1317,4.05052e-05,30.0145,30
1,3892,p1,1405,4.07013e-05,30.0088,30
1,3893,p1,1309,4.12862e-05,29.9879,30
1,3894,p1,1320,4.16101e-05,29.9951,30
1,3895,p1,1310,4.16398e-05,29.9764,30
1,3896,p1,1344,4.03844e-05,30.0068,30
1,3897,p1,1362,4.0593e-05,30.0008,30
1,3898,p1,1286,4.021e-05,29.9984,30
1,3899,p1,1292,4.06604e-05,30.0266,30
1,3900,p1,1273,4.09272e-05,30.0001,30
1,3901,p1,1457,4.09114e-05,30.0305,30
1,3902,p1,1339,4.09555e-05,30.0067,30
1,3903,p1,1236,4.02953e-05,29.9955,30
1,3904,p1,1366,4.03171e-05,30.0102,30
1,3905,p1,1319,4.0573e-05,29.9945,30
1,3906,p1,1381,3.92952e-05,30.0289,30
1,3907,p1,1345,4.00875e-05,30.0208,30
1,3908,p1,1319,4.025e-05,30.0023,30
1,3909,p1,1225,4.00871e-05,29.9902,30
1,3910,p1,1334,4.0999e-05,30.002,30
1,3911,p1,1247,4.02473e-05,29.9975,30
1,3912,p1,1326,4.05182e-05,30.0138,30
1,3913,p1,1384,4.02256e-05,30.0099,30
1,3914,p1,1456,4.21773e-05,30.0295,30
1,3915,p1,1408,4.14113e-05,30.0062,30
1,3916,p1,1119,4.04393e-05,30.0048,30
1,3917,p1,1366,4.08042e-05,30.0236,30
1,3918,p1,1243,4.20252e-05,30.0026,30
1,3919,p1,1245,4.27841e-05,30.0392,30
1,3920,p1,1249,4.20405e-05,29.9929,30
1,3921,p1,1301,4.16478e-05,29.9924,30
1,3922,p1,1427,4.19914e-05,30.0238,30
1,3923,p1,1320,4.2152e-05,30.021,30
1,3924,p1,1293,4.19163e-05,30.027,30
1,3925,p1,1295,4.17673e-05,30.0377,30
1,3926,p1,1390,4.21455e-05,30.015,30
1,3927,p1,1436,4.21183e-05,29.9877,30
1,3928,p1,1341,4.06879e-05,30.0225,30
1,3929,p1,1208,4.09678e-05,30.0156,30
1,3930,p1,1252,4.08931e-05,30.0319,30
1,3931,p1,1515,4.07052e-05,30.0252,30
1,3932,p1,1440,4.15095e-05,30.0245,30
1,3933,p1,1168,4.07218e-05,30.0087,30
1,3934,p1,1305,4.12565e-05,30.019,30
1,3935,p1,1484,4.02275e-05,29.9938,30
1,3936,p1,1249,3.99448e-05,30.0088,30
1,3937,p1,1321,4.00934e-05,30.0195,30
1,3938,p1,1384,3.99741e-05,30.02,30
1,3939,p1,1418,3.98448e-05,30.0289,30
1,3940,p1,1241,4.04062e-05,30.0252,30
1,3941,p1,1273,4.04619e-05,30.0061,30
1,3942,p1,1288,4.08786e-05,30.0397,30
1,3943,p1,1417,4.09103e-05,30.0257,30
1,3944,p1,1252,4.12935e-05,30.0331,30
1,3945,p1,1214,4.10913e-05,30.0248,30
1,3946,p1,1369,4.1506e-05,30.0393,30
1,3947,p1,1321,4.10182e-05,30.039,30
1,3948,p1,1281,4.09157e-05,30.0055,30
1,3949,p1,1207,4.0289e-05,30.0413,30
1,3950,p1,1193,4.15848e-05,30.052,30
1,3951,p1,1341,4.14691e-05,30.0269,30
1,3952,p1,1196,4.03076e-05,30.0403,30
1,3953,p1,1381,4.11841e-05,30.0206,30
1,3954,p1,1409,4.08142e-05,30.0422,30
1,3955,p1,1318,4.17563e-05,30.0292,30
1,3956,p1,1216,4.18718e-05,30.0406,30
1,3957,p1,1330,4.07563e-05,30.0293,30
1,3958,p1,1379,3.99114e-05,30.0368,30
1,3959,p1,1346,4.1133e-05,30.0194,30
1,3960,p1,1211,4.01411e-05,30.0275,30
1,3961,p1,1358,4.09823e-05,30.0592,30
1,3962,p1,1399,4.06113e-05,30.0737,30
1,3963,p1,1159,4.00528e-05,30.0532,30
1,3964,p1,1411,4.05745e-05,30.0349,30
1,3965,p1,1473,3.91782e-05,30.0754,30
1,3966,p1,1311,3.9654e-05,30.0791,30
1,3967,p1,1257,4.03512e-05,30.0672,30
1,3968,p1,1209,3.95744e-05,30.0752,30
1,3969,p1,1349,3.92354e-05,30.0495,30
1,3970,p1,1285,3.98472e-05,30.0801,30
1,3971,p1,1339,4.00738e-05,30.0887,30
1,3972,p1,1287,4.01331e-05,30.1079,30
1,3973,p1,1261,4.06047e-05,30.1002,30
1,3974,p1,1446,4.09834e-05,30.0935,30
1,3975,p1,1360,4.13137e-05,30.0698,30
1,3976,p1,1207,4.12177e-05,30.0694,30
1,3977,p1,1214,4.15587e-05,30.0797,30
1,3978,p1,1218,4.09212e-05,30.073,30
1,3979,p1,1337,4.07982e-05,30.0643,30
1,3980,p1,1452,4.08169e-05,30.0624,30
1,3981,p1,1302,4.14721e-05,30.0598,30
1,3982,p1,1156,4.02104e-05,30.0488,30
1,3983,p1,1345,4.13196e-05,30.0306,30
1,3984,p1,1307,4.03914e-05,30.052,30
1,3985,p1,1358,4.19343e-05,30.035,30
1,3986,p1,1231,4.21154e-05,30.0378,30
1,3987,p1,1391,4.15721e-05,30.0408,30
1,3988,p1,1342,4.12238e-05,30.0505,30
1,3989,p1,1183,4.10345e-05,30.0492,30
1,3990,p1,1373,4.03577e-05,30.0439,30
1,3991,p1,1219,4.11695e-05,30.0238,30
1,3992,p1,1146,4.11345e-05,30.0335,30
1,3993,p1,1315,4.15129e-05,30.0518,30
1,3994,p1,1339,4.15248e-05,30.0732,30
1,3995,p1,1270,4.22223e-05,30.0609,30
1,3996,p1,1351,4.18671e-05,30.0478,30
1,3997,p1,1252,4.29039e-05,30.0638,30
1,3998,p1,1361,4.22063e-05,30.0475,30
1,3999,p1,1294,4.27557e-05,30.0555,30
1,4000,p1,1284,4.24717e-05,30.0438,30
1,4001,p1,1264,4.25185e-05,30.0243,30
1,4002,p1,1374,4.23831e-05,30.0489,30
1,4003,p1,1292,4.18284e-05,30.0569,30
1,4004,p1,1445,4.19076e-05,30.0457,30
1,4005,p1,1251,4.19287e-05,30.0375,30
1,4006,p1,1191,4.13591e-05,30.036,30
1,4007,p1,1341,4.15449e-05,30.0306,30
1,4008,p1,1344,4.19776e-05,30.0608,30
1,4009,p1,1368,4.05062e-05,30.0409,30
1,4010,p1,1201,4.28274e-05,30.0335,30
1,4011,p1,1210,4.19515e-05,30.0413,30
1,4012,p1,1258,4.20112e-05,30.0147,30
1,4013,p1,1313,4.15222e-05,30.0474,30
1,4014,p1,1246,4.22529e-05,30.0884,30
1,4015,p1,1329,4.23595e-05,30.0619,30
1,4016,p1,1302,4.21151e-05,30.087,30
1,4017,p1,1282,4.22366e-05,30.0843,30
1,4018,p1,1333,4.20674e-05,30.0919,30
1,4019,p1,1259,4.1174e-05,30.0785,30
1,4020,p1,1424,4.09945e-05,30.0866,30
1,4021,p1,1377,4.17072e-05,30.0661,30
1,4022,p1,1295,4.13469e-05,30.0742,30
1,4023,p1,1417,4.15245e-05,30.0687,30
1,4024,p1,1316,4.05774e-05,30.0778,30
1,4025,p1,1265,3.97766e-05,30.0734,30
1,4026,p1,1317,4.07205e-05,30.0749,30
1,4027,p1,1241,4.03343e-05,30.0716,30
1,4028,p1,1439,4.0254e-05,30.0857,30
1,4029,p1,1249,4.08249e-05,30.0797,30
1,4030,p1,1271,4.07969e-05,30.0782,30
1,4031,p1,1310,4.05556e-05,30.0994,30
1,4032,p1,1399,4.08501e-05,30.1001,30
1,4033,p1,1394,4.13681e-05,30.0713,30
1,4034,p1,1131,4.14725e-05,30.0687,30
1,4035,p1,1360,4.16638e-05,30.0826,30
1,4036,p1,1378,4.25981e-05,30.0683,30
1,4037,p1,1192,4.35795e-05,30.049,30
1,4038,p1,1306,4.37131e-05,30.0549,30
1,4039,p1,1207,4.2693e-05,30.0598,30
1,4040,p1,1349,4.3323e-05,30.0437,30
1,4041,p1,1378,4.28122e-05,30.0347,30
1,4042,p1,1379,4.26221e-05,30.0226,30
1,4043,p1,1216,4.38055e-05,30.0307,30
1,4044,p1,1362,4.34598e-05,30.0265,30
1,4045,p1,1314,4.24557e-05,30.0277,30
1,4046,p1,1222,4.27428e-05,30.0319,30
1,4047,p1,1436,4.31196e-05,30.0239,30
1,4048,p1,1399,4.46254e-05,30.0263,30
1,4049,p1,1229,4.42083e-05,30.0582,30
1,4050,p1,1349,4.34807e-05,30.047,30
1,4051,p1,1282,4.42004e-05,30.0259,30
1,4052,p1,1451,4.45449e-05,30.0452,30
1,4053,p1,1171,4.55043e-05,30.0538,30
1,4054,p1,1370,4.57376e-05,30.0239,30
1,4055,p1,1370,4.59331e-05,30.0451,30
1,4056,p1,1240,4.65824e-05,30.0511,30
1,4057,p1,1348,4.74803e-05,30.0389,30
1,4058,p1,1236,4.70689e-05,30.0235,30
1,4059,p1,1327,4.57445e-05,30.0557,30
1,4060,p1,1205,4.52658e-05,30.0794,30
1,4061,p1,1204,4.66228e-05,30.0569,30
1,4062,p1,1296,4.57024e-05,30.045,30
1,4063,p1,1387,4.6311e-05,30.0639,30
1,4064,p1,1242,4.51857e-05,30.0598,30
1,4065,p1,1375,4.54898e-05,30.064,30
1,4066,p1,1385,4.52911e-05,30.0441,30
1,4067,p1,1295,4.40217e-05,30.048,30
1,4068,p1,1281,4.48616e-05,30.0651,30
1,4069,p1,1291,4.47029e-05,30.0665,30
1,4070,p1,1377,4.37993e-05,30.0466,30
1,4071,p1,1356,4.41406e-05,30.0489,30
1,4072,p1,1287,4.45255e-05,30.0535,30
1,4073,p1,1241,4.4774e-05,30.0736,30
1,4074,p1,1341,4.45368e-05,30.0488,30
1,4075,p1,1404,4.35004e-05,30.017,30
1,4076,p1,1452,4.3644e-05,30.0307,30
1,4077,p1,1227,4.36294e-05,30.033,30
1,4078,p1,1244,4.32878e-05,30.0465,30
1,4079,p1,1367,4.4608e-05,30.0609,30
1,4080,p1,1361,4.44812e-05,30.0529,30
1,4081,p1,1370,4.32565e-05,30.0695,30
1,4082,p1,1120,4.37228e-05,30.0685,30
1,4083,p1,1405,4.53204e-05,30.0576,30
1,4084,p1,1294,4.41781e-05,30.0609,30
1,4085,p1,1262,4.53535e-05,30.0741,30
1,4086,p1,1282,4.47735e-05,30.0414,30
1,4087,p1,1356,4.50054e-05,30.0688,30
1,4088,p1,1309,4.42748e-05,30.0701,30
1,4089,p1,1372,4.39019e-05,30.0722,30
1,4090,p1,1319,4.35284e-05,30.0889,30
1,4091,p1,1245,4.45058e-05,30.0772,30
1,4092,p1,1249,4.47676e-05,30.0629,30
1,4093,p1,1324,4.47744e-05,30.0688,30
1,4094,p1,1352,4.59589e-05,30.0693,30
1,4095,p1,1246,4.56007e-05,30.057,30
1,4096,p1,1277,4.56664e-05,30.0847,30
1,4097,p1,1391,4.55723e-05,30.0543,30
1,4098,p1,1324,4.51688e-05,30.0393,30
1,4099,p1,1232,4.55751e-05,30.0368,30
1,4100,p1,1321,4.47722e-05,30.0547,30
1,4101,p1,1429,4.51461e-05,30.0465,30
1,4102,p1,1338,4.52685e-05,30.0064,30
1,4103,p1,1351,4.52936e-05,30.0112,30
1,4104,p1,1185,4.42718e-05,30.0081,30
1,4105,p1,1197,4.45989e-05,30.0217,30
1,4106,p1,1422,4.4695e-05,30.0337,30
1,4107,p1,1368,4.39661e-05,30.0252,30
1,4108,p1,1229,4.5e-05,30.0362,30
1,4109,p1,1371,4.51536e-05,30.0614,30
1,4110,p1,1432,4.53961e-05,30.0491,30
1,4111,p1,1211,4.60417e-05,30.0439,30
1,4112,p1,1234,4.61279e-05,30.04,30
1,4113,p1,1319,4.74086e-05,30.0563,30
1,4114,p1,1258,4.74651e-05,30.053,30
1,4115,p1,1183,4.68824e-05,30.0452,30
1,4116,p1,1348,4.78295e-05,30.0454,30
1,4117,p1,1353,4.83299e-05,30.0347,30
1,4118,p1,1311,4.74478e-05,30.0507,30
1,4119,p1,1259,4.72796e-05,30.0359,30
1,4120,p1,1312,4.80164e-05,30.0497,30
1,4121,p1,1317,4.68199e-05,30.0533,30
1,4122,p1,1365,4.58155e-05,30.0614,30
1,4123,p1,1207,4.78013e-05,30.0617,30
1,4124,p1,1308,4.70061e-05,30.0368,30
1,4125,p1,1482,4.65073e-05,30.0242,30
1,4126,p1,1261,4.66558e-05,30.0342,30
1,4127,p1,1292,4.65724e-05,30.0079,30
1,4128,p1,1405,4.66882e-05,30.0191,30
1,4129,p1,1360,4.61555e-05,30.0667,30
1,4130,p1,1227,4.48459e-05,30.0252,30
1,4131,p1,1225,4.61409e-05,30.0105,30
1,4132,p1,1384,4.76572e-05,30.036,30
1,4133,p1,1345,4.76926e-05,30.0316,30
1,4134,p1,1269,4.81977e-05,30.0293,30
1,4135,p1,1384,4.69083e-05,30.0259,30
1,4136,p1,1306,4.791e-05,30.0216,30
1,4137,p1,1287,4.83467e-05,30.0344,30
1,4138,p1,1367,4.66742e-05,30.0287,30
1,4139,p1,1357,4.74441e-05,30,30
1,4140,p1,1292,4.84356e-05,30.024,30
1,4141,p1,1293,4.85638e-05,30.0297,30
1,4142,p1,1396,4.91106e-05,30.0254,30
1,4143,p1,1330,4.84862e-05,30.0086,30
1,4144,p1,1326,4.83043e-05,30.0134,30
1,4145,p1,1231,4.82986e-05,30.0063,30
1,4146,p1,1218,4.86227e-05,29.9933,30
1,4147,p1,1496,4.86385e-05,29.9954,30
1,4148,p1,1372,4.87475e-05,29.9872,30
1,4149,p1,1340,4.9497e-05,29.9753,30
1,4150,p1,1335,4.78235e-05,29.9805,30
1,4151,p1,1292,4.80608e-05,30.0129,30
1,4152,p1,1306,4.79027e-05,30.014,30
1,4153,p1,1303,4.87619e-05,30,30
1,4154,p1,1361,4.87713e-05,29.9898,30
1,4155,p1,1402,4.89556e-05,30.0065,30
1,4156,p1,1182,4.85864e-05,30.0045,30
1,4157,p1,1323,4.73689e-05,29.9925,30
1,4158,p1,1313,4.78327e-05,29.967,30
1,4159,p1,1333,4.78002e-05,29.9811,30
1,4160,p1,1234,4.93858e-05,29.9828,30
1,4161,p1,1218,5.03055e-05,29.9795,30
1,4162,p1,1487,5.09457e-05,29.9495,30
1,4163,p1,1334,4.98335e-05,29.9628,30
1,4164,p1,1151,4.97822e-05,29.9639,30
1,4165,p1,1305,5.03749e-05,29.981,30
1,4166,p1,1341,4.97858e-05,30.0177,30
1,4167,p1,1398,4.9041e-05,29.9957,30
1,4168,p1,1330,4.8741e-05,29.9782,30
1,4169,p1,1251,4.88435e-05,29.985,30
1,4170,p1,1282,4.82318e-05,30.0075,30
1,4171,p1,1343,4.89108e-05,29.994,30
1,4172,p1,1204,4.90605e-05,29.9986,30
1,4173,p1,1404,4.93536e-05,29.996,30
1,4174,p1,1366,4.9538e-05,29.9671,30
1,4175,p1,1200,5.04709e-05,29.9535,30
1,4176,p1,1243,5.04647e-05,29.9733,30
1,4177,p1,1389,5.14662e-05,29.9697,30
1,4178,p1,1244,4.99252e-05,29.9334,30
1,4179,p1,1284,5.08372e-05,29.9661,30
1,4180,p1,1346,5.03228e-05,29.9838,30
1,4181,p1,1333,4.94653e-05,30.0206,30
1,4182,p1,1267,4.95339e-05,29.9868,30
1,4183,p1,1380,4.99434e-05,30.0041,30
1,4184,p1,1320,5.09647e-05,30.0155,30
1,4185,p1,1289,5.01718e-05,29.9787,30
1,4186,p1,1375,5.00265e-05,29.9992,30
1,4187,p1,1377,5.09816e-05,29.9836,30
1,4188,p1,1267,5.10488e-05,29.983,30
1,4189,p1,1362,5.11732e-05,29.975,30
1,4190,p1,1264,5.11715e-05,29.9816,30
1,4191,p1,1562,5.06118e-05,29.9923,30
1,4192,p1,1293,5.06263e-05,29.9844,30
1,4193,p1,1233,5.10271e-05,29.9855,30
1,4194,p1,1443,5.05627e-05,29.9786,30
1,4195,p1,1252,5.10887e-05,30.0007,30
1,4196,p1,1272,5.09653e-05,29.9929,30
1,4197,p1,1524,5.07107e-05,29.9938,30
1,4198,p1,1458,5.07943e-05,30.0105,30
1,4199,p1,1191,5.06194e-05,30.0151,30
1,4200,p1,1254,5.12322e-05,30.0006,30
1,4201,p1,1399,5.06603e-05,30.0145,30
1,4202,p1,1335,5.08163e-05,29.9917,30
1,4203,p1,1332,5.16449e-05,29.9988,30
1,4204,p1,1366,5.06323e-05,30.0147,30
1,4205,p1,1317,5.0579e-05,29.9941,30
1,4206,p1,1317,5.05834e-05,30.0048,30
1,4207,p1,1475,4.9681e-05,30.01,30
1,4208,p1,1198,4.98327e-05,30.0062,30
1,4209,p1,1321,4.93788e-05,29.9968,30
1,4210,p1,1427,4.88789e-05,30.028,30
1,4211,p1,1358,4.85239e-05,30.0047,30
1,4212,p1,1284,4.87999e-05,30.0244,30
1,4213,p1,1216,4.87828e-05,30.0146,30
1,4214,p1,1458,4.89735e-05,29.9858,30
1,4215,p1,1253,4.8796e-05,29.9921,30
1,4216,p1,1318,4.86567e-05,30.0096,30
1,4217,p1,1327,4.84124e-05,29.9816,30
1,4218,p1,1463,4.92462e-05,29.9889,30
1,4219,p1,1442,4.93173e-05,29.9842,30
1,4220,p1,1329,4.89808e-05,29.9766,30
1,4221,p1,1344,4.95845e-05,29.9652,30
1,4222,p1,1245,4.92156e-05,29.9718,30
1,4223,p1,1255,4.86499e-05,29.9553,30
1,4224,p1,1312,4.8441e-05,29.94,30
1,4225,p1,1398,4.88059e-05,29.9497,30
1,4226,p1,1296,4.82155e-05,29.9424,30
1,4227,p1,1142,4.93093e-05,29.9416,30
1,4228,p1,1299,5.00581e-05,29.9757,30
1,4229,p1,1371,4.95067e-05,29.9418,30
1,4230,p1,1250,4.97166e-05,29.9598,30
1,4231,p1,1284,5.06753e-05,29.9692,30
1,4232,p1,1295,5.09516e-05,29.967,30
1,4233,p1,1286,5.01071e-05,29.9659,30
1,4234,p1,1266,4.92965e-05,29.9551,30
1,4235,p1,1406,4.90236e-05,29.9614,30
1,4236,p1,1362,4.85794e-05,29.9697,30
1,4237,p1,1321,4.98177e-05,29.9527,30
1,4238,p1,1312,5.01243e-05,29.9646,30
1,4239,p1,1232,5.0171e-05,29.9547,30
1,4240,p1,1359,4.92017e-05,29.978,30
1,4241,p1,1315,4.87788e-05,29.9683,30
1,4242,p1,1238,4.80453e-05,29.9777,30
1,4243,p1,1434,4.93709e-05,29.9804,30
1,4244,p1,1238,4.85441e-05,29.9894,30
1,4245,p1,1277,4.76653e-05,29.9709,30
1,4246,p1,1332,4.84715e-05,29.9438,30
1,4247,p1,1360,4.91578e-05,29.9703,30
1,4248,p1,1371,4.90268e-05,29.9665,30
1,4249,p1,1305,4.84728e-05,29.9557,30
1,4250,p1,1334,4.90652e-05,29.9564,30
1,4251,p1,1275,4.9955e-05,29.9841,30
1,4252,p1,1377,4.96242e-05,29.9655,30
1,4253,p1,1304,4.9672e-05,29.9556,30
1,4254,p1,1273,4.92892e-05,29.9553,30
1,4255,p1,1366,4.88384e-05,29.9653,30
1,4256,p1,1376,4.78452e-05,29.9563,30
1,4257,p1,1388,4.80708e-05,29.9605,30
1,4258,p1,1277,4.76965e-05,29.9644,30
1,4259,p1,1290,4.76608e-05,29.9759,30
1,4260,p1,1361,4.61231e-05,29.9603,30
1,4261,p1,1358,4.47054e-05,29.9683,30
1,4262,p1,1318,4.56548e-05,29.9813,30
1,4263,p1,1214,4.57394e-05,29.9644,30
1,4264,p1,1527,4.52571e-05,29.9577,30
1,4265,p1,1383,4.47652e-05,29.9722,30
1,4266,p1,1258,4.49388e-05,29.965,30
1,4267,p1,1326,4.62131e-05,29.964,30
1,4268,p1,1237,4.52228e-05,29.9669,30
1,4269,p1,1359,4.65164e-05,29.9722,30
1,4270,p1,1410,4.84202e-05,29.9892,30
1,4271,p1,1301,4.88343e-05,29.9815,30
1,4272,p1,1184,4.81989e-05,29.9742,30
1,4273,p1,1351,4.85249e-05,29.9607,30
1,4274,p1,1289,4.96851e-05,29.962,30
1,4275,p1,1342,4.95474e-05,29.9568,30
1,4276,p1,1327,4.92005e-05,29.9769,30
1,4277,p1,1371,5.01088e-05,29.9822,30
1,4278,p1,1269,5.08253e-05,29.9622,30
1,4279,p1,1233,5.19447e-05,29.9744,30
1,4280,p1,1519,5.18604e-05,29.9763,30
1,4281,p1,1359,5.17826e-05,29.9797,30
1,4282,p1,1219,5.27574e-05,29.9633,30
1,4283,p1,1347,5.28401e-05,29.9715,30
1,4284,p1,1284,5.30275e-05,29.9943,30
1,4285,p1,1453,5.34329e-05,29.9907,30
1,4286,p1,1265,5.23843e-05,29.9844,30
1,4287,p1,1262,5.24994e-05,29.9683,30
1,4288,p1,1340,5.25638e-05,29.9846,30
1,4289,p1,1315,5.28387e-05,29.9781,30
1,4290,p1,1323,5.18867e-05,29.9838,30
1,4291,p1,1347,5.25847e-05,29.9888,30
1,4292,p1,1422,5.2481e-05,29.986,30
1,4293,p1,1367,5.26876e-05,29.969,30
1,4294,p1,1191,5.33603e-05,29.9785,30
1,4295,p1,1383,5.37753e-05,29.9459,30
1,4296,p1,1279,5.34046e-05,29.9635,30
1,4297,p1,1455,5.45255e-05,29.9336,30
1,4298,p1,1359,5.49279e-05,29.9408,30
1,4299,p1,1254,5.46401e-05,29.95,30
1,4300,p1,1297,5.47629e-05,29.9515,30
1,4301,p1,1325,5.58024e-05,29.954,30
1,4302,p1,1330,5.48375e-05,29.9872,30
1,4303,p1,1280,5.60407e-05,29.9643,30
1,4304,p1,1414,5.58884e-05,29.9893,30
1,4305,p1,1417,5.60506e-05,30.0106,30
1,4306,p1,1119,5.58087e-05,29.9908,30
1,4307,p1,1374,5.57538e-05,29.9749,30
1,4308,p1,1405,5.5379e-05,29.9849,30
1,4309,p1,1430,5.60796e-05,29.9797,30
1,4310,p1,1261,5.57318e-05,30.0015,30
1,4311,p1,1238,5.62108e-05,29.9653,30
1,4312,p1,1426,5.62396e-05,29.9848,30
1,4313,p1,1323,5.66729e-05,29.9824,30
1,4314,p1,1342,5.62295e-05,29.9913,30
1,4315,p1,1375,5.63403e-05,29.9805,30
1,4316,p1,1266,5.63218e-05,29.9921,30
1,4317,p1,1334,5.64677e-05,29.9607,30
1,4318,p1,1287,5.68938e-05,29.9594,30
1,4319,p1,1270,5.66789e-05,29.9413,30
1,4320,p1,1349,5.69444e-05,29.9409,30
1,4321,p1,1217,5.63598e-05,29.9524,30
1,4322,p1,1231,5.62028e-05,29.9479,30
1,4323,p1,1353,5.76526e-05,29.9212,30
1,4324,p1,1376,5.63738e-05,29.9267,30
1,4325,p1,1376,5.6847e-05,29.9277,30
1,4326,p1,1255,5.66553e-05,29.953,30
1,4327,p1,1175,5.72136e-05,29.9352,30
1,4328,p1,1477,5.80187e-05,29.9358,30
1,4329,p1,1242,5.87812e-05,29.9411,30
1,4330,p1,1304,5.84014e-05,29.959,30
1,4331,p1,1222,5.80005e-05,29.9684,30
1,4332,p1,1384,5.80359e-05,29.96,30
1,4333,p1,1395,5.8777e-05,29.9612,30
1,4334,p1,1144,5.75871e-05,29.9372,30
1,4335,p1,1358,5.84623e-05,29.9294,30
1,4336,p1,1392,5.83789e-05,29.9483,30
1,4337,p1,1325,5.7974e-05,29.9423,30
1,4338,p1,1236,5.79241e-05,29.9444,30
1,4339,p1,1349,5.86583e-05,29.9541,30
1,4340,p1,1335,5.89676e-05,29.9361,30
1,4341,p1,1360,5.92274e-05,29.9211,30
1,4342,p1,1243,5.7845e-05,29.9373,30
1,4343,p1,1444,5.77973e-05,29.9398,30
1,4344,p1,1407,5.83535e-05,29.9469,30
1,4345,p1,1292,5.87228e-05,29.9627,30
1,4346,p1,1400,5.77247e-05,29.9678,30
1,4347,p1,1283,5.83669e-05,29.9556,30
1,4348,p1,1240,5.82052e-05,29.9623,30
1,4349,p1,1240,5.85581e-05,29.9513,30
1,4350,p1,1552,5.84286e-05,29.9843,30
1,4351,p1,1390,5.78367e-05,29.9426,30
1,4352,p1,1101,5.85415e-05,29.9752,30
1,4353,p1,1415,5.81587e-05,29.9869,30
1,4354,p1,1288,5.82804e-05,29.9607,30
1,4355,p1,1383,5.79638e-05,29.9837,30
1,4356,p1,1346,5.73735e-05,29.9668,30
1,4357,p1,1227,5.78063e-05,29.9918,30
1,4358,p1,1376,5.72985e-05,29.9998,30
1,4359,p1,1474,5.70906e-05,29.993,30
1,4360,p1,1295,5.74852e-05,30.0166,30
1,4361,p1,1352,5.69273e-05,30.0142,30
1,4362,p1,1321,5.76915e-05,30.0113,30
1,4363,p1,1226,5.86851e-05,30.0043,30
1,4364,p1,1407,5.86524e-05,29.995,30
1,4365,p1,1284,5.73305e-05,29.9962,30
1,4366,p1,1282,5.73563e-05,30.0017,30
1,4367,p1,1376,5.83111e-05,30.0039,30
1,4368,p1,1268,5.8433e-05,30.0082,30
1,4369,p1,1412,5.81544e-05,30.0136,30
1,4370,p1,1205,5.9366e-05,29.9931,30
1,4371,p1,1427,5.86677e-05,30.0066,30
1,4372,p1,1334,5.84086e-05,30.0173,30
1,4373,p1,1364,5.95397e-05,30.0222,30
1,4374,p1,1244,5.92627e-05,29.9914,30
1,4375,p1,1393,5.84762e-05,30.0038,30
1,4376,p1,1206,5.80286e-05,30.0208,30
1,4377,p1,1352,5.80975e-05,29.9889,30
1,4378,p1,1323,5.7511e-05,29.9897,30
1,4379,p1,1296,5.7449e-05,30.0049,30
1,4380,p1,1351,5.78979e-05,29.9651,30
1,4381,p1,1246,5.6631e-05,29.9472,30
1,4382,p1,1264,5.62411e-05,29.985,30
1,4383,p1,1459,5.70001e-05,29.9764,30
1,4384,p1,1243,5.59255e-05,29.9813,30
1,4385,p1,1205,5.61498e-05,29.9828,30
1,4386,p1,1240,5.59798e-05,29.9785,30
1,4387,p1,1397,5.68664e-05,29.9866,30
1,4388,p1,1341,5.69033e-05,29.9809,30
1,4389,p1,1183,5.69297e-05,29.9859,30
1,4390,p1,1324,5.60784e-05,29.9983,30
1,4391,p1,1344,5.69372e-05,29.9797,30
1,4392,p1,1317,5.68343e-05,29.9954,30
1,4393,p1,1349,5.66745e-05,29.9993,30
1,4394,p1,1164,5.66812e-05,30.0048,30
1,4395,p1,1346,5.58454e-05,29.9942,30
1,4396,p1,1312,5.56987e-05,30.0211,30
1,4397,p1,1345,5.59554e-05,30.0294,30
1,4398,p1,1300,5.52265e-05,30.0218,30
1,4399,p1,1395,5.57469e-05,29.9926,30
1,4400,p1,1263,5.67448e-05,30.0042,30
1,4401,p1,1267,5.65031e-05,30.0005,30
1,4402,p1,1361,5.58959e-05,30.0108,30
1,4403,p1,1432,5.63423e-05,30.0164,30
1,4404,p1,1188,5.68293e-05,30.0097,30
1,4405,p1,1475,5.68023e-05,30.0001,30
1,4406,p1,1306,5.6014e-05,30.0277,30
1,4407,p1,1333,5.59987e-05,30.0207,30
1,4408,p1,1285,5.58766e-05,29.9819,30
1,4409,p1,1402,5.76343e-05,30.0092,30
1,4410,p1,1207,5.60513e-05,30.027,30
1,4411,p1,1343,5.65609e-05,30.013,30
1,4412,p1,1243,5.59676e-05,30.0354,30
1,4413,p1,1382,5.56428e-05,30.0264,30
1,4414,p1,1444,5.65333e-05,30.0092,30
1,4415,p1,1371,5.73896e-05,30.0286,30
1,4416,p1,1275,5.72672e-05,30.0138,30
1,4417,p1,1331,5.66957e-05,30.0069,30
1,4418,p1,1226,5.69787e-05,30.01,30
1,4419,p1,1388,5.72922e-05,30.0045,30
1,4420,p1,1402,5.69103e-05,30.0116,30
1,4421,p1,1375,5.6586e-05,30.022,30
1,4422,p1,1332,5.73072e-05,30.0125,30
1,4423,p1,1354,5.77537e-05,30.0001,30
1,4424,p1,1277,5.70689e-05,30.0075,30
1,4425,p1,1289,5.74308e-05,30.0083,30
1,4426,p1,1372,5.66567e-05,29.9941,30
1,4427,p1,1430,5.66742e-05,30.0048,30
1,4428,p1,1216,5.69377e-05,30.0208,30
1,4429,p1,1305,5.76085e-05,30.0406,30
1,4430,p1,1378,5.54379e-05,30.0295,30
1,4431,p1,1282,5.69758e-05,30.039,30
1,4432,p1,1339,5.76846e-05,30.0308,30
1,4433,p1,1329,5.80137e-05,30.0326,30
1,4434,p1,1347,5.719e-05,30.0344,30
1,4435,p1,1437,5.76749e-05,30.0325,30
1,4436,p1,1218,5.72387e-05,30.0453,30
1,4437,p1,1275,5.65171e-05,30.0322,30
1,4438,p1,1296,5.81953e-05,30.0255,30
1,4439,p1,1443,5.7434e-05,30.0398,30
1,4440,p1,1252,5.71321e-05,30.0105,30
1,4441,p1,1308,5.70593e-05,29.9973,30
1,4442,p1,1305,5.8864e-05,30.0176,30
1,4443,p1,1424,5.70222e-05,30.0075,30
1,4444,p1,1152,5.82074e-05,30.014,30
1,4445,p1,1333,5.94741e-05,30.0131,30
1,4446,p1,1340,5.89909e-05,30.0264,30
1,4447,p1,1475,5.95109e-05,30.0268,30
1,4448,p1,1332,5.99804e-05,30.0315,30
1,4449,p1,1162,5.98008e-05,30.0055,30
1,4450,p1,1332,6.02027e-05,30.0111,30
1,4451,p1,1359,6.01983e-05,29.9776,30
1,4452,p1,1336,5.91903e-05,30.0066,30
1,4453,p1,1292,5.91943e-05,30.0505,30
1,4454,p1,1382,5.93224e-05,30.0226,30
1,4455,p1,1279,5.94691e-05,30.0232,30
1,4456,p1,1242,5.9654e-05,30.0092,30
1,4457,p1,1386,5.98486e-05,30.0058,30
1,4458,p1,1241,6.03171e-05,30.0007,30
1,4459,p1,1264,6.05893e-05,29.9779,30
1,4460,p1,1420,5.99592e-05,29.9708,30
1,4461,p1,1385,5.97842e-05,30.0069,30
1,4462,p1,1323,5.89598e-05,30.0055,30
1,4463,p1,1283,5.9247e-05,30.0136,30
1,4464,p1,1400,6.02884e-05,29.999,30
1,4465,p1,1338,6.04841e-05,29.9961,30
1,4466,p1,1366,5.96184e-05,29.9935,30
1,4467,p1,1327,5.83411e-05,30.0047,30
1,4468,p1,1352,5.91952e-05,30.0115,30
1,4469,p1,1371,6.12234e-05,29.9933,30
1,4470,p1,1197,5.94151e-05,30.002,30
1,4471,p1,1527,5.97674e-05,30.029,30
1,4472,p1,1282,6.02108e-05,30.0282,30
1,4473,p1,1344,5.95714e-05,30.0175,30
1,4474,p1,1409,5.95899e-05,30.0274,30
1,4475,p1,1260,5.93912e-05,29.9964,30
1,4476,p1,1454,5.89184e-05,30.0091,30
1,4477,p1,1295,5.94047e-05,30.0352,30
1,4478,p1,1269,6.04018e-05,30.0196,30
1,4479,p1,1200,5.92289e-05,30.02,30
1,4480,p1,1401,5.98468e-05,30.0276,30
1,4481,p1,1237,5.82753e-05,30.0021,30
1,4482,p1,1226,5.71108e-05,30.0253,30
1,4483,p1,1251,5.68622e-05,30.0325,30
1,4484,p1,1263,5.72002e-05,30.0328,30
1,4485,p1,1350,5.81414e-05,30.0141,30
1,4486,p1,1244,5.81449e-05,30.0189,30
1,4487,p1,1342,5.72815e-05,30.0252,30
1,4488,p1,1267,5.72103e-05,30.0418,30
1,4489,p1,1340,5.75991e-05,30.0331,30
1,4490,p1,1338,5.7698e-05,30.046,30
1,4491,p1,1263,5.74087e-05,30.0368,30
1,4492,p1,1275,5.63905e-05,30.0321,30
1,4493,p1,1287,5.56776e-05,30.0358,30
1,4494,p1,1284,5.54096e-05,30.0352,30
1,4495,p1,1430,5.61612e-05,30.0517,30
1,4496,p1,1173,5.71972e-05,30.0416,30
1,4497,p1,1297,5.64832e-05,30.0387,30
1,4498,p1,1329,5.58166e-05,30.0188,30
1,4499,p1,1341,5.5565e-05,30.0259,30
1,4500,p1,1226,5.46268e-05,30.0491,30
1,4501,p1,1397,5.56784e-05,30.0472,30
1,4502,p1,1383,5.58395e-05,30.0337,30
1,4503,p1,1291,5.62527e-05,30.0566,30
1,4504,p1,1329,5.42056e-05,30.05,30
1,4505,p1,1460,5.57783e-05,30.0512,30
1,4506,p1,1249,5.61401e-05,30.0888,30
1,4507,p1,1349,5.62507e-05,30.0779,30
1,4508,p1,1308,5.7021e-05,30.096,30
1,4509,p1,1437,5.68782e-05,30.0756,30
1,4510,p1,1416,5.63078e-05,30.0745,30
1,4511,p1,1254,5.59794e-05,30.0647,30
1,4512,p1,1291,5.56382e-05,30.0745,30
1,4513,p1,1387,5.68794e-05,30.0703,30
1,4514,p1,1311,5.63215e-05,30.0625,30
1,4515,p1,1317,5.63699e-05,30.0734,30
1,4516,p1,1284,5.46642e-05,30.0554,30
1,4517,p1,1164,5.56245e-05,30.0488,30
1,4518,p1,1470,5.58877e-05,30.0615,30
1,4519,p1,1231,5.4395e-05,30.0389,30
1,4520,p1,1338,5.44046e-05,30.0298,30
1,4521,p1,1299,5.6047e-05,30.033,30
1,4522,p1,1161,5.41401e-05,30.0506,30
1,4523,p1,1351,5.32523e-05,30.033,30
1,4524,p1,1469,5.24028e-05,30.0407,30
1,4525,p1,1266,5.28556e-05,30.0445,30
1,4526,p1,1284,5.31122e-05,30.0496,30
1,4527,p1,1398,5.17543e-05,30.0704,30
1,4528,p1,1135,5.09698e-05,30.0454,30
1,4529,p1,1470,5.16086e-05,30.0532,30
1,4530,p1,1337,5.07595e-05,30.0646,30
1,4531,p1,1286,5.16802e-05,30.0544,30
1,4532,p1,1366,5.11837e-05,30.0497,30
1,4533,p1,1251,5.23703e-05,30.0316,30
1,4534,p1,1353,5.16566e-05,30.0146,30
1,4535,p1,1167,5.07676e-05,30.0289,30
1,4536,p1,1266,4.95979e-05,30.0331,30
1,4537,p1,1277,5.00812e-05,30.0306,30
1,4538,p1,1341,4.96166e-05,30.0258,30
1,4539,p1,1317,4.98757e-05,30.0357,30
1,4540,p1,1325,4.82248e-05,30.0377,30
1,4541,p1,1223,4.95523e-05,30.0515,30
1,4542,p1,1295,4.92868e-05,30.0413,30
1,4543,p1,1343,4.95872e-05,30.0402,30
1,4544,p1,1178,5.02087e-05,30.047,30
1,4545,p1,1386,4.97807e-05,30.0609,30
1,4546,p1,1253,4.97204e-05,30.052,30
1,4547,p1,1309,4.96272e-05,30.0391,30
1,4548,p1,1520,5.1545e-05,30.0211,30
1,4549,p1,1301,5.10648e-05,29.9963,30
1,4550,p1,1309,5.08089e-05,30.023,30
1,4551,p1,1327,5.25404e-05,30.0197,30
1,4552,p1,1301,5.05354e-05,30.0083,30
1,4553,p1,1370,4.91888e-05,30.0165,30
1,4554,p1,1305,4.99693e-05,30.0245,30
1,4555,p1,1273,5.00596e-05,30.0079,30
1,4556,p1,1343,4.90104e-05,30.0243,30
1,4557,p1,1381,4.79902e-05,30.0338,30
1,4558,p1,1252,4.71464e-05,30.0201,30
1,4559,p1,1309,4.85658e-05,30.0228,30
1,4560,p1,1399,4.83261e-05,30.0391,30
1,4561,p1,1335,4.5789e-05,30.0342,30
1,4562,p1,1236,4.52045e-05,30.03,30
1,4563,p1,1398,4.7326e-05,30.0398,30
1,4564,p1,1347,4.80234e-05,30.0357,30
1,4565,p1,1371,4.82144e-05,30.0109,30
1,4566,p1,1319,4.91688e-05,30.0232,30
1,4567,p1,1292,4.838e-05,30.0254,30
1,4568,p1,1317,4.89459e-05,29.998,30
1,4569,p1,1428,5.06923e-05,29.9854,30
1,4570,p1,1339,4.89344e-05,29.9897,30
1,4571,p1,1201,4.79301e-05,29.9916,30
1,4572,p1,1427,4.87908e-05,30.0064,30
1,4573,p1,1322,4.91571e-05,29.9839,30
1,4574,p1,1336,4.74736e-05,30.0164,30
1,4575,p1,1377,4.75201e-05,29.9927,30
1,4576,p1,1351,4.71714e-05,29.9928,30
1,4577,p1,1307,4.91176e-05,30.0069,30
1,4578,p1,1261,4.73432e-05,30.0051,30
1,4579,p1,1462,4.88997e-05,30.0072,30
1,4580,p1,1304,4.90966e-05,29.9515,30
1,4581,p1,1381,4.76647e-05,29.9741,30
1,4582,p1,1466,4.77175e-05,30.0066,30
1,4583,p1,1350,4.60973e-05,30.0147,30
1,4584,p1,1338,4.79163e-05,30.0172,30
1,4585,p1,1221,4.7437e-05,30.0005,30
1,4586,p1,1368,4.70851e-05,30.0134,30
1,4587,p1,1311,4.60924e-05,30.0227,30
1,4588,p1,1259,4.63078e-05,29.9982,30
1,4589,p1,1308,4.79385e-05,29.9601,30
1,4590,p1,1350,4.82364e-05,29.952,30
1,4591,p1,1305,4.77121e-05,29.9657,30
1,4592,p1,1288,4.74819e-05,29.9794,30
1,4593,p1,1351,4.68025e-05,29.9937,30
1,4594,p1,1431,4.63662e-05,30.0079,30
1,4595,p1,1315,4.64618e-05,29.9904,30
1,4596,p1,1299,4.65111e-05,30.0265,30
1,4597,p1,1422,4.59495e-05,30.0081,30
1,4598,p1,1360,4.63682e-05,29.9965,30
1,4599,p1,1235,4.52474e-05,30.0062,30
1,4600,p1,1260,4.74368e-05,29.9998,30
1,4601,p1,1401,4.60835e-05,29.9993,30
1,4602,p1,1261,4.53841e-05,29.9825,30
1,4603,p1,1254,4.6666e-05,29.9961,30
1,4604,p1,1311,4.63063e-05,30.0044,30
1,4605,p1,1390,4.6993e-05,30.0172,30
1,4606,p1,1284,4.59487e-05,30.0116,30
1,4607,p1,1345,4.7095e-05,30.0175,30
1,4608,p1,1253,4.98209e-05,30.0279,30
1,4609,p1,1205,4.81068e-05,30.0315,30
1,4610,p1,1449,4.87402e-05,30.0365,30
1,4611,p1,1473,4.80827e-05,30.0353,30
1,4612,p1,1326,4.85021e-05,30.0265,30
1,4613,p1,1275,4.56879e-05,30.0208,30
1,4614,p1,1460,4.70204e-05,30.0233,30
1,4615,p1,1363,4.86647e-05,30.0157,30
1,4616,p1,1237,4.76535e-05,30.0371,30
1,4617,p1,1187,4.71571e-05,30.0552,30
1,4618,p1,1282,4.69057e-05,30.0103,30
1,4619,p1,1441,4.79801e-05,29.9981,30
1,4620,p1,1464,4.98109e-05,29.9878,30
1,4621,p1,1226,4.6869e-05,29.9962,30
1,4622,p1,1266,4.82797e-05,29.9882,30
1,4623,p1,1502,4.95755e-05,29.9802,30
1,4624,p1,1268,4.92644e-05,29.9789,30
1,4625,p1,1204,4.98097e-05,29.9913,30
1,4626,p1,1434,4.91556e-05,30.0081,30
1,4627,p1,1332,4.92588e-05,29.9718,30
1,4628,p1,1328,4.86819e-05,29.9694,30
1,4629,p1,1129,5.1729e-05,29.9753,30
1,4630,p1,1272,5.27283e-05,29.9691,30
1,4631,p1,1313,5.12077e-05,29.9472,30
1,4632,p1,1407,5.14382e-05,29.9685,30
1,4633,p1,1319,5.14804e-05,29.9632,30
1,4634,p1,1376,5.19859e-05,29.9713,30
1,4635,p1,1291,5.19387e-05,29.9792,30
1,4636,p1,1371,5.05261e-05,30.0067,30
1,4637,p1,1291,5.02604e-05,29.9711,30
1,4638,p1,1324,5.19141e-05,29.9851,30
1,4639,p1,1377,5.21671e-05,29.9764,30
1,4640,p1,1264,5.11246e-05,29.9905,30
1,4641,p1,1352,5.06172e-05,29.973,30
1,4642,p1,1343,5.18544e-05,29.9913,30
1,4643,p1,1251,5.14087e-05,29.9959,30
1,4644,p1,1290,5.10117e-05,29.9996,30
1,4645,p1,1537,5.14115e-05,29.9896,30
1,4646,p1,1257,5.09329e-05,30.0183,30
1,4647,p1,1396,5.29796e-05,29.9991,30
1,4648,p1,1231,5.19559e-05,30,30
1,4649,p1,1391,5.07999e-05,30.0068,30
1,4650,p1,1148,5.04363e-05,30.0107,30
1,4651,p1,1262,5.01398e-05,30.0108,30
1,4652,p1,1483,5.01007e-05,30.011,30
1,4653,p1,1205,5.22216e-05,29.9865,30
1,4654,p1,1269,5.22457e-05,30.0038,30
1,4655,p1,1332,5.30974e-05,30.0015,30
1,4656,p1,1380,5.40509e-05,30.0038,30
1,4657,p1,1297,5.45365e-05,30.0276,30
1,4658,p1,1272,5.35946e-05,29.9929,30
1,4659,p1,1292,5.25582e-05,30.0087,30
1,4660,p1,1311,5.27862e-05,29.9769,30
1,4661,p1,1405,5.35276e-05,29.9914,30
1,4662,p1,1241,5.07483e-05,30.0037,30
1,4663,p1,1238,5.30011e-05,30.0027,30
1,4664,p1,1230,5.25412e-05,30.0136,30
1,4665,p1,1352,5.32024e-05,30.0051,30
1,4666,p1,1314,5.48698e-05,29.999,30
1,4667,p1,1318,5.44591e-05,29.969,30
1,4668,p1,1426,5.65319e-05,30.0023,30
1,4669,p1,1266,5.72791e-05,30.0056,30
1,4670,p1,1099,5.6483e-05,30.0231,30
1,4671,p1,1350,5.74781e-05,30.0086,30
1,4672,p1,1363,5.75989e-05,30.0256,30
1,4673,p1,1265,5.79065e-05,30.046,30
1,4674,p1,1207,5.72844e-05,30.0268,30
1,4675,p1,1267,5.53028e-05,30.0317,30
1,4676,p1,1198,5.59779e-05,30.0168,30
1,4677,p1,1272,5.76667e-05,29.9917,30
1,4678,p1,1333,5.70465e-05,30.0108,30
1,4679,p1,1288,5.57525e-05,30.0208,30
1,4680,p1,1348,5.66613e-05,30.0049,30
1,4681,p1,1328,5.68921e-05,30.0036,30
1,4682,p1,1207,5.63117e-05,30.0061,30
1,4683,p1,1293,5.70451e-05,30.0073,30
1,4684,p1,1348,5.56212e-05,30.0054,30
1,4685,p1,1306,5.68849e-05,29.988,30
1,4686,p1,1377,5.65757e-05,29.9899,30
1,4687,p1,1260,5.5482e-05,29.9806,30
1,4688,p1,1225,5.75115e-05,30.0095,30
1,4689,p1,1326,5.66581e-05,30.0072,30
1,4690,p1,1341,5.62454e-05,30.0121,30
1,4691,p1,1213,5.67581e-05,29.9958,30
1,4692,p1,1281,5.98792e-05,29.9935,30
1,4693,p1,1389,5.80144e-05,29.9822,30
1,4694,p1,1299,5.70416e-05,29.9868,30
1,4695,p1,1265,5.741e-05,29.994,30
1,4696,p1,1316,5.77907e-05,29.9923,30
1,4697,p1,1352,5.68316e-05,30.0002,30
1,4698,p1,1526,5.89156e-05,29.9638,30
1,4699,p1,1280,5.76544e-05,29.9774,30
1,4700,p1,1266,5.85992e-05,29.9865,30
1,4701,p1,1383,5.81201e-05,29.9878,30
1,4702,p1,1292,5.63836e-05,29.9927,30
1,4703,p1,1220,5.79728e-05,30.0068,30
1,4704,p1,1345,5.76789e-05,29.9779,30
1,4705,p1,1345,5.67909e-05,29.9967,30
1,4706,p1,1261,5.53543e-05,29.9982,30
1,4707,p1,1367,5.84638e-05,30.0082,30
1,4708,p1,1416,5.60041e-05,30.0255,30
1,4709,p1,1347,5.85929e-05,30.0069,30
1,4710,p1,1250,5.75086e-05,30.0269,30
1,4711,p1,1299,5.87387e-05,30.0034,30
1,4712,p1,1363,5.7498e-05,30.0086,30
1,4713,p1,1448,5.72286e-05,30.0332,30
1,4714,p1,1244,5.80451e-05,30.0378,30
1,4715,p1,1316,5.74688e-05,30.0166,30
1,4716,p1,1347,5.84744e-05,30.0269,30
1,4717,p1,1207,5.66069e-05,30.0395,30
1,4718,p1,1297,5.87581e-05,30.0216,30
1,4719,p1,1426,5.90684e-05,30.0126,30
1,4720,p1,1370,5.71295e-05,30.029,30
1,4721,p1,1423,5.83248e-05,30.0102,30
1,4722,p1,1205,5.9036e-05,30.0048,30
1,4723,p1,1274,5.64596e-05,30.0309,30
1,4724,p1,1356,5.66155e-05,30.0264,30
1,4725,p1,1357,5.49331e-05,30.0183,30
1,4726,p1,1268,5.59718e-05,30.0146,30
1,4727,p1,1383,5.66486e-05,30.0101,30
1,4728,p1,1451,5.47874e-05,30.0264,30
1,4729,p1,1248,5.38282e-05,30.0277,30
1,4730,p1,1312,5.43057e-05,30.0248,30
1,4731,p1,1471,5.41552e-05,30.0325,30
1,4732,p1,1341,5.179e-05,30.0348,30
1,4733,p1,1289,5.31701e-05,30.0252,30
1,4734,p1,1292,5.42981e-05,30.0261,30
1,4735,p1,1391,5.42503e-05,30.0409,30
1,4736,p1,1308,5.26141e-05,30.0089,30
1,4737,p1,1311,5.20022e-05,30.0017,30
1,4738,p1,1275,5.32266e-05,30.0087,30
1,4739,p1,1306,5.28334e-05,30.0153,30
1,4740,p1,1460,5.2918e-05,30.0139,30
1,4741,p1,1277,5.33265e-05,30.0263,30
1,4742,p1,1313,5.18848e-05,30.0423,30
1,4743,p1,1428,5.28923e-05,30.0212,30
1,4744,p1,1338,5.31782e-05,29.9954,30
1,4745,p1,1378,5.33937e-05,30.0132,30
1,4746,p1,1419,5.26398e-05,30.0271,30
1,4747,p1,1207,5.22173e-05,30.0327,30
1,4748,p1,1252,5.16902e-05,30.0306,30
1,4749,p1,1317,5.19804e-05,30.0598,30
1,4750,p1,1343,5.12718e-05,30.0162,30
1,4751,p1,1220,5.26628e-05,30.0373,30
1,4752,p1,1286,5.37746e-05,30.0097,30
1,4753,p1,1217,5.34937e-05,30.0194,30
1,4754,p1,1241,5.25822e-05,30.0249,30
1,4755,p1,1554,5.35826e-05,30.0007,30
1,4756,p1,1249,5.63234e-05,30.0251,30
1,4757,p1,1290,5.49361e-05,30.0407,30
1,4758,p1,1282,5.32934e-05,30.0089,30
1,4759,p1,1310,5.41756e-05,30.0231,30
1,4760,p1,1300,5.31651e-05,30.0195,30
1,4761,p1,1426,5.44412e-05,30.0158,30
1,4762,p1,1403,5.503e-05,30.0196,30
1,4763,p1,1233,5.35143e-05,30.0005,30
1,4764,p1,1497,5.45793e-05,30.0251,30
1,4765,p1,1216,5.53045e-05,29.9934,30
1,4766,p1,1310,5.43428e-05,30.007,30
1,4767,p1,1302,5.46881e-05,30.0201,30
1,4768,p1,1231,5.34962e-05,30.0131,30
1,4769,p1,1272,5.54047e-05,30,30
1,4770,p1,1377,5.54979e-05,29.994,30
1,4771,p1,1094,5.75097e-05,30.0075,30
1,4772,p1,1246,5.82561e-05,30.0149,30
1,4773,p1,1434,5.80268e-05,30.0095,30
1,4774,p1,1224,5.89332e-05,30.0447,30
1,4775,p1,1296,5.66314e-05,30.0158,30
1,4776,p1,1346,5.76029e-05,29.9884,30
1,4777,p1,1298,5.6962e-05,30.0154,30
1,4778,p1,1247,5.76676e-05,30.0288,30
1,4779,p1,1248,5.6679e-05,30.0206,30
1,4780,p1,1319,5.75776e-05,30.0083,30
1,4781,p1,1361,5.72262e-05,30.0157,30
1,4782,p1,1285,5.66448e-05,29.993,30
1,4783,p1,1323,5.56294e-05,30.0359,30
1,4784,p1,1274,5.59693e-05,30.0092,30
1,4785,p1,1323,5.4757e-05,29.982,30
1,4786,p1,1154,5.60935e-05,30.0102,30
1,4787,p1,1400,5.51786e-05,30.0274,30
1,4788,p1,1389,5.50507e-05,29.9883,30
1,4789,p1,1403,5.74166e-05,30.007,30
1,4790,p1,1314,5.81895e-05,29.9923,30
1,4791,p1,1420,5.8414e-05,30.0235,30
1,4792,p1,1330,5.73445e-05,30.0392,30
1,4793,p1,1240,5.72342e-05,30.0459,30
1,4794,p1,1408,5.70796e-05,30.0272,30
1,4795,p1,1373,5.60721e-05,30.0405,30
1,4796,p1,1415,5.49491e-05,30.0243,30
1,4797,p1,1333,5.47838e-05,30.0296,30
1,4798,p1,1446,5.64838e-05,30.0577,30
1,4799,p1,1285,5.81006e-05,30.06,30
1,4800,p1,1266,5.70612e-05,30.0411,30
1,4801,p1,1309,5.75633e-05,30.0379,30
1,4802,p1,1381,5.77337e-05,30.0481,30
1,4803,p1,1326,5.82979e-05,30.0378,30
1,4804,p1,1264,5.84066e-05,30.023,30
1,4805,p1,1384,6.03033e-05,30.0034,30
1,4806,p1,1265,6.05269e-05,29.9885,30
1,4807,p1,1326,5.86122e-05,29.9993,30
1,4808,p1,1305,6.21374e-05,29.991,30
1,4809,p1,1293,6.17603e-05,29.9882,30
1,4810,p1,1247,6.20746e-05,29.9681,30
1,4811,p1,1209,5.98616e-05,30.0017,30
1,4812,p1,1244,6.26146e-05,29.9821,30
1,4813,p1,1364,6.1707e-05,29.9759,30
1,4814,p1,1319,6.24465e-05,29.98,30
1,4815,p1,1255,6.1169e-05,29.9623,30
1,4816,p1,1501,6.12607e-05,29.9536,30
1,4817,p1,1267,6.27244e-05,29.9826,30
1,4818,p1,1311,6.37897e-05,29.9803,30
1,4819,p1,1412,6.2407e-05,29.9893,30
1,4820,p1,1223,6.31611e-05,29.9766,30
1,4821,p1,1273,6.44753e-05,29.9817,30
1,4822,p1,1412,6.29389e-05,29.981,30
1,4823,p1,1334,6.30886e-05,29.9704,30
1,4824,p1,1194,6.263e-05,29.9633,30
1,4825,p1,1260,6.17548e-05,29.9856,30
1,4826,p1,1439,6.37462e-05,29.9609,30
1,4827,p1,1155,6.26096e-05,29.9748,30
1,4828,p1,1308,6.04289e-05,29.9618,30
1,4829,p1,1341,6.05282e-05,29.9784,30
1,4830,p1,1331,6.05106e-05,29.9628,30
1,4831,p1,1405,5.95208e-05,29.9876,30
1,4832,p1,1253,5.92912e-05,29.9764,30
1,4833,p1,1357,5.93941e-05,29.9802,30
1,4834,p1,1211,5.66e-05,29.9951,30
1,4835,p1,1322,5.72635e-05,29.9934,30
1,4836,p1,1432,5.72464e-05,29.9682,30
1,4837,p1,1241,5.68976e-05,30.0056,30
1,4838,p1,1327,5.70995e-05,29.9758,30
1,4839,p1,1402,5.7784e-05,29.9925,30
1,4840,p1,1228,5.6307e-05,29.9896,30
1,4841,p1,1366,5.52324e-05,29.9885,30
1,4842,p1,1186,5.63545e-05,29.975,30
1,4843,p1,1261,5.7067e-05,29.9868,30
1,4844,p1,1386,5.68399e-05,29.9782,30
1,4845,p1,1143,5.65296e-05,29.98,30
1,4846,p1,1360,5.63583e-05,29.9567,30
1,4847,p1,1433,5.58079e-05,30.0037,30
1,4848,p1,1218,5.57866e-05,29.9817,30
1,4849,p1,1322,5.45029e-05,29.9688,30
1,4850,p1,1326,5.42707e-05,29.974,30
1,4851,p1,1330,5.47806e-05,29.9793,30
1,4852,p1,1333,5.48814e-05,29.9682,30
1,4853,p1,1384,5.30803e-05,29.9705,30
1,4854,p1,1310,5.73305e-05,29.9553,30
1,4855,p1,1290,5.79068e-05,29.9464,30
1,4856,p1,1318,5.79743e-05,29.9724,30
1,4857,p1,1342,5.78298e-05,29.9733,30
1,4858,p1,1386,5.97812e-05,29.9622,30
1,4859,p1,1314,5.96858e-05,29.9585,30
1,4860,p1,1320,6.03137e-05,29.9839,30
1,4861,p1,1365,6.11472e-05,29.9811,30
1,4862,p1,1279,6.27826e-05,29.9822,30
1,4863,p1,1386,6.07385e-05,29.9835,30
1,4864,p1,1266,6.19545e-05,29.9724,30
1,4865,p1,1219,6.32574e-05,29.9643,30
1,4866,p1,1332,6.31253e-05,29.9624,30
1,4867,p1,1226,6.4519e-05,29.9677,30
1,4868,p1,1339,6.56436e-05,29.9958,30
1,4869,p1,1405,6.58774e-05,30.0075,30
1,4870,p1,1224,6.67001e-05,29.9798,30
1,4871,p1,1245,6.61228e-05,29.9881,30
1,4872,p1,1416,6.75634e-05,30.0006,30
1,4873,p1,1393,6.68835e-05,30.0083,30
1,4874,p1,1262,6.8242e-05,29.9778,30
1,4875,p1,1314,6.63576e-05,29.9757,30
1,4876,p1,1333,6.46919e-05,29.9413,30
1,4877,p1,1308,6.73022e-05,29.9597,30
1,4878,p1,1254,6.75e-05,30.0065,30
1,4879,p1,1301,6.73992e-05,29.9684,30
1,4880,p1,1215,6.80777e-05,29.9824,30
1,4881,p1,1340,6.79604e-05,29.9956,30
1,4882,p1,1413,6.94686e-05,30.0078,30
1,4883,p1,1464,6.88633e-05,29.9913,30
1,4884,p1,1153,7.15453e-05,29.9792,30
1,4885,p1,1475,7.17228e-05,29.9796,30
1,4886,p1,1402,6.87253e-05,29.9626,30
1,4887,p1,1245,7.02554e-05,29.9623,30
1,4888,p1,1415,7.06349e-05,29.9807,30
1,4889,p1,1249,6.73211e-05,29.9753,30
1,4890,p1,1284,6.89304e-05,29.9626,30
1,4891,p1,1204,6.89953e-05,29.9723,30
1,4892,p1,1333,6.84345e-05,29.9834,30
1,4893,p1,1236,6.6558e-05,29.9615,30
1,4894,p1,1161,6.53927e-05,29.9704,30
1,4895,p1,1370,6.70867e-05,29.9642,30
1,4896,p1,1372,6.72696e-05,29.9719,30
1,4897,p1,1300,6.73058e-05,29.9566,30
1,4898,p1,1295,6.78756e-05,29.9501,30
1,4899,p1,1265,6.76315e-05,29.9484,30
1,4900,p1,1293,6.82068e-05,29.9644,30
1,4901,p1,1315,6.85906e-05,29.935,30
1,4902,p1,1367,6.77674e-05,29.9566,30
1,4903,p1,1262,6.69248e-05,29.9514,30
1,4904,p1,1358,6.59491e-05,29.9456,30
1,4905,p1,1351,6.7856e-05,29.9198,30
1,4906,p1,1258,6.88618e-05,29.901,30
1,4907,p1,1340,6.75811e-05,29.9232,30
1,4908,p1,1394,6.73037e-05,29.9423,30
1,4909,p1,1372,6.74318e-05,29.9443,30
1,4910,p1,1210,6.88434e-05,29.9327,30
1,4911,p1,1260,6.54828e-05,29.9575,30
1,4912,p1,1335,6.36564e-05,29.9689,30
1,4913,p1,1237,6.21548e-05,29.9601,30
1,4914,p1,1271,6.3406e-05,29.9793,30
1,4915,p1,1232,6.29138e-05,29.9635,30
1,4916,p1,1381,5.98947e-05,30.012,30
1,4917,p1,1256,6.23259e-05,30.022,30
1,4918,p1,1284,5.97376e-05,30.0133,30
1,4919,p1,1303,6.15613e-05,30.0088,30
1,4920,p1,1262,6.13588e-05,30.0124,30
1,4921,p1,1313,5.89565e-05,30.0299,30
1,4922,p1,1409,5.95642e-05,30.0271,30
1,4923,p1,1296,5.9496e-05,29.992,30
1,4924,p1,1219,6.18494e-05,30.0017,30
1,4925,p1,1421,6.15128e-05,29.9779,30
1,4926,p1,1361,5.98077e-05,29.9832,30
1,4927,p1,1339,6.02209e-05,29.9791,30
1,4928,p1,1287,5.93822e-05,29.9751,30
1,4929,p1,1531,5.95108e-05,30.003,30
1,4930,p1,1274,5.82398e-05,29.999,30
1,4931,p1,1261,5.96382e-05,30.0008,30
1,4932,p1,1348,6.06693e-05,29.9933,30
1,4933,p1,1328,6.04512e-05,29.996,30
1,4934,p1,1333,6.01882e-05,29.9867,30
1,4935,p1,1429,5.99938e-05,29.9945,30
1,4936,p1,1309,5.98569e-05,30.0037,30
1,4937,p1,1247,6.10521e-05,29.9873,30
1,4938,p1,1329,6.12855e-05,29.978,30
1,4939,p1,1306,6.07274e-05,30.0023,30
1,4940,p1,1308,6.00741e-05,30.0057,30
1,4941,p1,1255,5.92315e-05,30.0241,30
1,4942,p1,1240,6.0324e-05,30.03,30
1,4943,p1,1419,6.04245e-05,30.0383,30
1,4944,p1,1386,5.98439e-05,30.0059,30
1,4945,p1,1357,5.84201e-05,30.0229,30
1,4946,p1,1225,5.9212e-05,30.0334,30
1,4947,p1,1397,5.88005e-05,30.0333,30
1,4948,p1,1279,5.85268e-05,30.014,30
1,4949,p1,1207,5.7233e-05,30.0027,30
1,4950,p1,1413,5.62784e-05,30.0282,30
1,4951,p1,1267,5.58641e-05,30.036,30
1,4952,p1,1226,5.69384e-05,30.036,30
1,4953,p1,1313,5.50799e-05,30.023,30
1,4954,p1,1378,5.44947e-05,30.0181,30
1,4955,p1,1328,5.40474e-05,30.019,30
1,4956,p1,1289,5.36699e-05,30.034,30
1,4957,p1,1378,5.37067e-05,30.0223,30
1,4958,p1,1376,5.43779e-05,30.0067,30
1,4959,p1,1216,5.4457e-05,30.0039,30
1,4960,p1,1394,5.34749e-05,30.0162,30
1,4961,p1,1402,5.34201e-05,30.0106,30
1,4962,p1,1215,5.37558e-05,30.0047,30
1,4963,p1,1331,5.33202e-05,30.0205,30
1,4964,p1,1286,5.38527e-05,30.0273,30
1,4965,p1,1291,5.2998e-05,30.0388,30
1,4966,p1,1376,5.25689e-05,30.0283,30
1,4967,p1,1230,5.38605e-05,30.0086,30
1,4968,p1,1262,5.4758e-05,29.9935,30
1,4969,p1,1411,5.34377e-05,29.9777,30
1,4970,p1,1241,5.52786e-05,29.9919,30
1,4971,p1,1246,5.51964e-05,29.9786,30
1,4972,p1,1377,5.4775e-05,30.0003,30
1,4973,p1,1299,5.49931e-05,30.002,30
1,4974,p1,1383,5.60977e-05,29.9827,30
1,4975,p1,1466,5.60535e-05,30.0029,30
1,4976,p1,1272,5.60017e-05,29.9727,30
1,4977,p1,1302,5.61092e-05,30.0003,30
1,4978,p1,1293,5.61438e-05,30.0022,30
1,4979,p1,1421,5.65066e-05,29.9974,30
1,4980,p1,1299,5.60279e-05,30.0103,30
1,4981,p1,1447,5.64864e-05,29.992,30
1,4982,p1,1260,5.75848e-05,30.0101,30
1,4983,p1,1226,5.74697e-05,30.0063,30
1,4984,p1,1444,5.7547e-05,29.9844,30
1,4985,p1,1315,5.71268e-05,29.9872,30
1,4986,p1,1078,5.6902e-05,30.0018,30
1,4987,p1,1400,5.61232e-05,30.0162,30
1,4988,p1,1307,5.59422e-05,30.0049,30
1,4989,p1,1394,5.52468e-05,29.9975,30
1,4990,p1,1323,5.43885e-05,29.9961,30
1,4991,p1,1389,5.47406e-05,29.9974,30
1,4992,p1,1237,5.52505e-05,30.0044,30
1,4993,p1,1319,5.5669e-05,30.0003,30
1,4994,p1,1436,5.47801e-05,30.0247,30
1,4995,p1,1387,5.51268e-05,30.0041,30
1,4996,p1,1164,5.55265e-05,29.9942,30
1,4997,p1,1395,5.64156e-05,29.9907,30
1,4998,p1,1329,5.6999e-05,30.0113,30
1,4999,p1,1366,5.8474e-05,30.0278,30
1,5000,p1,1202,5.8718e-05,29.9925,30
